#B	Created:	24.08.2022 14:07:22
##	Version	SeaStar	9.05
#5	Field separation:	0
#2	Date & Time:	1
#6	Decimal point:	,
#7	Date def.:	dd.mm.yyyy	.
#8	Time def.:	:
##	Axis	0	Temperature(°C)	clRed	FALSE
##	Axis	1	Depth(m)	clBlue	TRUE
##	Axis	2	Salinity(psu)	clGreen	FALSE
##	Axis	3	Conductivity(mS/cm)	$00FF80FF	FALSE
##	Axis	4	Sound Velocity(m/sec)	$00404080	FALSE
##	Series	0	Temp(°C)	clRed	0	Temp(°C)	2
##	Series	1	Depth(m)	clBlue	1	Depth(m)	2
##	Series	2	Salinity(psu)	clGreen	2	Salinity(psu)	2
##	Series	3	Conduct(mS/cm)	$00FF80FF	3	Conduct(mS/cm)	2
##	Series	4	Sound Velocity(m/sec)	$00404080	4	Velocity(m/sec)	2
##	Recorder	6	DST CTD	9977
##	Chart	6S9977DAT	
#D	Data:	1346	29.06.2022 12:00:00	24.08.2022 13:00:00
1	29.06.2022 12:00:00	12,12	-0,46	1,89	2,69	1456,97
2	29.06.2022 13:00:00	11,89	-0,46	1,90	2,69	1456,14
3	29.06.2022 14:00:00	11,96	-0,33	1,90	2,70	1456,38
4	29.06.2022 15:00:00	11,96	-0,33	1,90	2,70	1456,38
5	29.06.2022 16:00:00	10,50	-0,33	2,00	2,72	1450,91
6	29.06.2022 17:00:00	11,54	-0,39	1,94	2,72	1454,85
7	29.06.2022 18:00:00	11,67	-0,46	1,92	2,70	1455,31
8	29.06.2022 19:00:00	11,99	-0,39	1,90	2,70	1456,50
9	29.06.2022 20:00:00	11,77	-0,46	1,91	2,70	1455,67
10	29.06.2022 21:00:00	11,54	-0,52	1,92	2,70	1454,82
11	29.06.2022 22:00:00	11,64	-0,46	1,92	2,70	1455,19
12	29.06.2022 23:00:00	11,35	-0,46	1,94	2,70	1454,10
13	30.06.2022 00:00:00	11,38	-0,39	1,94	2,71	1454,23
14	30.06.2022 01:00:00	11,35	-0,21	1,94	2,71	1454,11
15	30.06.2022 02:00:00	10,83	-0,27	1,97	2,72	1452,15
16	30.06.2022 03:00:00	10,99	-0,27	1,97	2,72	1452,77
17	30.06.2022 04:00:00	12,31	-0,33	1,88	2,69	1457,67
18	30.06.2022 05:00:00	12,69	-0,27	1,86	2,69	1459,07
19	30.06.2022 06:00:00	12,37	-0,33	1,88	2,69	1457,90
20	30.06.2022 07:00:00	12,37	-0,33	1,88	2,69	1457,90
21	30.06.2022 08:00:00	12,37	-0,39	1,88	2,69	1457,90
22	30.06.2022 09:00:00	12,25	-0,39	1,88	2,69	1457,43
23	30.06.2022 10:00:00	12,94	-0,46	1,84	2,68	1459,97
24	30.06.2022 11:00:00	13,48	-0,27	1,82	2,69	1461,91
25	30.06.2022 12:00:00	13,39	-0,27	1,82	2,68	1461,57
26	30.06.2022 13:00:00	14,17	-0,21	1,78	2,68	1464,35
27	30.06.2022 14:00:00	14,79	-0,21	1,73	2,65	1466,49
28	30.06.2022 15:00:00	15,04	-0,14	1,72	2,65	1467,35
29	30.06.2022 16:00:00	14,94	-0,21	1,73	2,65	1467,02
30	30.06.2022 17:00:00	14,48	-0,21	1,75	2,65	1465,41
31	30.06.2022 18:00:00	14,57	-0,27	1,75	2,65	1465,74
32	30.06.2022 19:00:00	14,57	-0,27	1,75	2,65	1465,74
33	30.06.2022 20:00:00	14,70	-0,27	1,74	2,65	1466,17
34	30.06.2022 21:00:00	15,22	-0,39	1,72	2,65	1467,98
35	30.06.2022 22:00:00	15,13	-0,33	1,72	2,64	1467,65
36	30.06.2022 23:00:00	14,91	-0,39	1,72	2,64	1466,91
37	01.07.2022 00:00:00	14,60	-0,39	1,75	2,65	1465,84
38	01.07.2022 01:00:00	14,17	-0,33	1,76	2,65	1464,32
39	01.07.2022 02:00:00	13,73	-0,33	1,80	2,67	1462,79
40	01.07.2022 03:00:00	13,64	-0,39	1,80	2,66	1462,45
41	01.07.2022 04:00:00	13,01	-0,27	1,84	2,68	1460,21
42	01.07.2022 05:00:00	12,53	-0,39	1,86	2,68	1458,48
43	01.07.2022 06:00:00	12,21	-0,39	1,89	2,69	1457,32
44	01.07.2022 07:00:00	12,21	-0,46	1,89	2,69	1457,32
45	01.07.2022 08:00:00	12,12	-0,39	1,89	2,69	1456,97
46	01.07.2022 09:00:00	11,89	-0,52	1,90	2,69	1456,14
47	01.07.2022 10:00:00	11,89	-0,52	1,91	2,70	1456,14
48	01.07.2022 11:00:00	11,93	-0,46	1,90	2,70	1456,26
49	01.07.2022 12:00:00	12,31	-0,33	1,88	2,69	1457,67
50	01.07.2022 13:00:00	12,53	-0,39	1,87	2,69	1458,49
51	01.07.2022 14:00:00	12,82	-0,27	1,85	2,69	1459,53
52	01.07.2022 15:00:00	13,10	-0,27	1,83	2,68	1460,55
53	01.07.2022 16:00:00	12,85	-0,27	1,85	2,69	1459,64
54	01.07.2022 17:00:00	13,54	-0,27	1,82	2,69	1462,14
55	01.07.2022 18:00:00	13,67	-0,33	1,80	2,67	1462,57
56	01.07.2022 19:00:00	13,57	-0,46	1,80	2,67	1462,23
57	01.07.2022 20:00:00	14,57	-0,39	1,75	2,65	1465,74
58	01.07.2022 21:00:00	14,26	-0,39	1,76	2,65	1464,65
59	01.07.2022 22:00:00	14,29	-0,46	1,76	2,66	1464,76
60	01.07.2022 23:00:00	14,14	-0,39	1,77	2,66	1464,22
61	02.07.2022 00:00:00	14,01	-0,46	1,78	2,67	1463,78
62	02.07.2022 01:00:00	13,48	-0,33	1,80	2,66	1461,89
63	02.07.2022 02:00:00	12,98	-0,27	1,84	2,68	1460,10
64	02.07.2022 03:00:00	12,91	-0,33	1,84	2,68	1459,86
65	02.07.2022 04:00:00	13,07	-0,33	1,84	2,68	1460,44
66	02.07.2022 05:00:00	12,75	-0,39	1,85	2,68	1459,28
67	02.07.2022 06:00:00	12,53	-0,46	1,87	2,69	1458,49
68	02.07.2022 07:00:00	12,41	-0,39	1,87	2,69	1458,02
69	02.07.2022 08:00:00	12,31	-0,46	1,88	2,69	1457,67
70	02.07.2022 09:00:00	12,21	-0,46	1,88	2,69	1457,32
71	02.07.2022 10:00:00	12,31	-0,46	1,88	2,69	1457,67
72	02.07.2022 11:00:00	12,12	-0,39	1,89	2,69	1456,96
73	02.07.2022 12:00:00	11,67	-0,39	1,92	2,70	1455,31
74	02.07.2022 13:00:00	11,83	-0,39	1,91	2,70	1455,91
75	02.07.2022 14:00:00	12,60	-0,27	1,87	2,69	1458,72
76	02.07.2022 15:00:00	12,75	-0,27	1,86	2,69	1459,30
77	02.07.2022 16:00:00	12,94	-0,27	1,84	2,68	1459,98
78	02.07.2022 17:00:00	12,50	-0,27	1,86	2,68	1458,36
79	02.07.2022 18:00:00	12,44	-0,27	1,87	2,69	1458,14
80	02.07.2022 19:00:00	12,53	-0,27	1,87	2,69	1458,49
81	02.07.2022 20:00:00	12,66	-0,33	1,86	2,68	1458,95
82	02.07.2022 21:00:00	12,44	-0,46	1,87	2,69	1458,14
83	02.07.2022 22:00:00	12,82	-0,39	1,85	2,68	1459,52
84	02.07.2022 23:00:00	12,66	-0,33	1,86	2,68	1458,94
85	03.07.2022 00:00:00	12,53	-0,39	1,87	2,69	1458,48
86	03.07.2022 01:00:00	12,34	-0,33	1,87	2,69	1457,78
87	03.07.2022 02:00:00	12,05	-0,33	1,90	2,70	1456,73
88	03.07.2022 03:00:00	11,67	-0,27	1,91	2,69	1455,30
89	03.07.2022 04:00:00	11,18	-0,33	1,95	2,71	1453,50
90	03.07.2022 05:00:00	11,02	-0,27	1,96	2,71	1452,89
91	03.07.2022 06:00:00	10,70	-0,39	1,98	2,72	1451,66
92	03.07.2022 07:00:00	10,76	-0,39	1,98	2,72	1451,91
93	03.07.2022 08:00:00	10,66	-0,39	1,99	2,72	1451,53
94	03.07.2022 09:00:00	9,87	-0,46	2,03	2,72	1448,49
95	03.07.2022 10:00:00	9,97	-0,39	2,03	2,73	1448,89
96	03.07.2022 11:00:00	10,10	-0,46	2,02	2,73	1449,40
97	03.07.2022 12:00:00	9,84	-0,46	2,04	2,73	1448,38
98	03.07.2022 13:00:00	10,20	-0,39	2,02	2,73	1449,79
99	03.07.2022 14:00:00	9,94	-0,27	2,03	2,73	1448,76
100	03.07.2022 15:00:00	10,47	-0,27	2,01	2,73	1450,80
101	03.07.2022 16:00:00	10,76	-0,27	1,98	2,72	1451,91
102	03.07.2022 17:00:00	10,43	-0,27	2,00	2,72	1450,66
103	03.07.2022 18:00:00	10,40	-0,27	2,00	2,72	1450,54
104	03.07.2022 19:00:00	10,37	-0,27	2,01	2,73	1450,42
105	03.07.2022 20:00:00	10,24	-0,33	2,01	2,73	1449,91
106	03.07.2022 21:00:00	10,24	-0,46	2,01	2,73	1449,90
107	03.07.2022 22:00:00	10,14	-0,39	2,02	2,73	1449,53
108	03.07.2022 23:00:00	10,04	-0,39	2,03	2,73	1449,14
109	04.07.2022 00:00:00	9,97	-0,39	2,03	2,73	1448,89
110	04.07.2022 01:00:00	9,87	-0,39	2,04	2,73	1448,51
111	04.07.2022 02:00:00	9,61	-0,39	2,06	2,74	1447,48
112	04.07.2022 03:00:00	9,64	-0,39	2,05	2,74	1447,61
113	04.07.2022 04:00:00	9,64	-0,27	2,05	2,73	1447,61
114	04.07.2022 05:00:00	9,44	-0,27	2,07	2,73	1446,83
115	04.07.2022 06:00:00	9,24	-0,33	2,08	2,74	1446,05
116	04.07.2022 07:00:00	9,14	-0,39	2,09	2,74	1445,65
117	04.07.2022 08:00:00	9,14	-0,33	2,09	2,74	1445,65
118	04.07.2022 09:00:00	9,17	-0,52	2,09	2,74	1445,78
119	04.07.2022 10:00:00	9,24	-0,46	2,08	2,74	1446,04
120	04.07.2022 11:00:00	9,54	-0,46	2,07	2,74	1447,22
121	04.07.2022 12:00:00	9,77	-0,46	2,05	2,73	1448,12
122	04.07.2022 13:00:00	9,94	-0,39	2,04	2,73	1448,77
123	04.07.2022 14:00:00	10,17	-0,39	2,02	2,73	1449,65
124	04.07.2022 15:00:00	10,50	-0,39	2,00	2,73	1450,92
125	04.07.2022 16:00:00	10,76	-0,33	1,98	2,72	1451,91
126	04.07.2022 17:00:00	10,99	-0,27	1,97	2,72	1452,77
127	04.07.2022 18:00:00	11,12	-0,39	1,96	2,71	1453,26
128	04.07.2022 19:00:00	11,18	-0,46	1,96	2,72	1453,51
129	04.07.2022 20:00:00	11,18	-0,39	1,95	2,71	1453,50
130	04.07.2022 21:00:00	11,18	-0,46	1,95	2,71	1453,50
131	04.07.2022 22:00:00	11,09	-0,46	1,96	2,71	1453,13
132	04.07.2022 23:00:00	10,86	-0,39	1,97	2,71	1452,27
133	05.07.2022 00:00:00	11,22	-0,52	1,95	2,71	1453,62
134	05.07.2022 01:00:00	11,67	-0,46	1,93	2,71	1455,32
135	05.07.2022 02:00:00	11,57	-0,39	1,93	2,70	1454,95
136	05.07.2022 03:00:00	11,57	-0,39	1,93	2,70	1454,95
137	05.07.2022 04:00:00	11,54	-0,33	1,93	2,70	1454,83
138	05.07.2022 05:00:00	11,41	-0,33	1,93	2,70	1454,35
139	05.07.2022 06:00:00	11,38	-0,33	1,94	2,71	1454,23
140	05.07.2022 07:00:00	11,18	-0,39	1,95	2,71	1453,50
141	05.07.2022 08:00:00	11,02	-0,39	1,96	2,71	1452,89
142	05.07.2022 09:00:00	11,09	-0,39	1,96	2,71	1453,13
143	05.07.2022 10:00:00	11,28	-0,46	1,94	2,71	1453,86
144	05.07.2022 11:00:00	11,38	-0,46	1,94	2,71	1454,23
145	05.07.2022 12:00:00	11,93	-0,46	1,90	2,70	1456,26
146	05.07.2022 13:00:00	12,75	-0,46	1,86	2,70	1459,30
147	05.07.2022 14:00:00	12,91	-0,46	1,84	2,68	1459,86
148	05.07.2022 15:00:00	12,91	-0,46	1,85	2,69	1459,87
149	05.07.2022 16:00:00	13,13	-0,39	1,83	2,68	1460,66
150	05.07.2022 17:00:00	13,10	-0,33	1,83	2,68	1460,54
151	05.07.2022 18:00:00	12,98	-0,33	1,84	2,68	1460,10
152	05.07.2022 19:00:00	13,29	-0,39	1,82	2,68	1461,23
153	05.07.2022 20:00:00	13,35	-0,46	1,82	2,68	1461,45
154	05.07.2022 21:00:00	13,45	-0,46	1,82	2,68	1461,79
155	05.07.2022 22:00:00	13,42	-0,46	1,82	2,68	1461,68
156	05.07.2022 23:00:00	13,86	-0,46	1,80	2,68	1463,24
157	06.07.2022 00:00:00	14,20	-0,52	1,77	2,66	1464,44
158	06.07.2022 01:00:00	14,01	-0,46	1,78	2,66	1463,78
159	06.07.2022 02:00:00	13,95	-0,46	1,78	2,67	1463,56
160	06.07.2022 03:00:00	13,83	-0,39	1,79	2,67	1463,12
161	06.07.2022 04:00:00	13,64	-0,39	1,80	2,67	1462,46
162	06.07.2022 05:00:00	13,42	-0,33	1,81	2,67	1461,67
163	06.07.2022 06:00:00	13,13	-0,39	1,83	2,68	1460,66
164	06.07.2022 07:00:00	12,60	-0,39	1,85	2,67	1458,70
165	06.07.2022 08:00:00	12,88	-0,39	1,84	2,68	1459,75
166	06.07.2022 09:00:00	12,94	-0,52	1,84	2,68	1459,97
167	06.07.2022 10:00:00	12,66	-0,39	1,86	2,68	1458,94
168	06.07.2022 11:00:00	12,50	-0,52	1,87	2,68	1458,36
169	06.07.2022 12:00:00	12,79	-0,52	1,85	2,68	1459,40
170	06.07.2022 13:00:00	12,88	-0,46	1,85	2,69	1459,75
171	06.07.2022 14:00:00	13,54	-0,46	1,81	2,67	1462,12
172	06.07.2022 15:00:00	13,70	-0,46	1,80	2,67	1462,68
173	06.07.2022 16:00:00	13,70	-0,52	1,80	2,67	1462,68
174	06.07.2022 17:00:00	13,89	-0,46	1,79	2,67	1463,34
175	06.07.2022 18:00:00	14,14	-0,39	1,77	2,66	1464,22
176	06.07.2022 19:00:00	14,14	-0,46	1,77	2,66	1464,22
177	06.07.2022 20:00:00	14,08	-0,46	1,78	2,66	1464,00
178	06.07.2022 21:00:00	14,08	-0,52	1,78	2,66	1464,00
179	06.07.2022 22:00:00	13,89	-0,52	1,79	2,67	1463,34
180	06.07.2022 23:00:00	13,67	-0,58	1,80	2,67	1462,56
181	07.07.2022 00:00:00	13,23	-0,58	1,83	2,68	1461,00
182	07.07.2022 01:00:00	12,98	-0,52	1,84	2,68	1460,09
183	07.07.2022 02:00:00	12,94	-0,58	1,84	2,68	1459,97
184	07.07.2022 03:00:00	12,44	-0,58	1,86	2,68	1458,12
185	07.07.2022 04:00:00	12,02	-0,52	1,90	2,70	1456,61
186	07.07.2022 05:00:00	10,89	-0,52	1,95	2,69	1452,38
187	07.07.2022 06:00:00	10,76	-0,46	1,98	2,72	1451,90
188	07.07.2022 07:00:00	11,15	-0,52	1,96	2,72	1453,39
189	07.07.2022 08:00:00	10,96	-0,39	1,97	2,71	1452,64
190	07.07.2022 09:00:00	11,02	-0,39	1,96	2,71	1452,89
191	07.07.2022 10:00:00	10,37	-0,46	2,01	2,72	1450,41
192	07.07.2022 11:00:00	10,66	-0,58	1,99	2,72	1451,53
193	07.07.2022 12:00:00	10,92	-0,39	1,97	2,72	1452,53
194	07.07.2022 13:00:00	11,60	-0,52	1,94	2,72	1455,08
195	07.07.2022 14:00:00	11,77	-0,52	1,91	2,70	1455,66
196	07.07.2022 15:00:00	12,31	-0,52	1,89	2,70	1457,68
197	07.07.2022 16:00:00	12,41	-0,58	1,87	2,69	1458,02
198	07.07.2022 17:00:00	12,56	-0,46	1,87	2,69	1458,60
199	07.07.2022 18:00:00	12,41	-0,46	1,87	2,69	1458,02
200	07.07.2022 19:00:00	12,47	-0,46	1,87	2,69	1458,25
201	07.07.2022 20:00:00	12,60	-0,46	1,87	2,69	1458,72
202	07.07.2022 21:00:00	12,47	-0,52	1,87	2,69	1458,25
203	07.07.2022 22:00:00	12,47	-0,52	1,87	2,69	1458,25
204	07.07.2022 23:00:00	12,21	-0,46	1,88	2,69	1457,31
205	08.07.2022 00:00:00	12,18	-0,46	1,89	2,69	1457,20
206	08.07.2022 01:00:00	12,02	-0,64	1,90	2,69	1456,61
207	08.07.2022 02:00:00	12,02	-0,58	1,90	2,70	1456,62
208	08.07.2022 03:00:00	11,80	-0,46	1,91	2,70	1455,78
209	08.07.2022 04:00:00	11,70	-0,39	1,92	2,71	1455,43
210	08.07.2022 05:00:00	11,60	-0,52	1,92	2,70	1455,07
211	08.07.2022 06:00:00	11,51	-0,39	1,93	2,70	1454,71
212	08.07.2022 07:00:00	11,31	-0,33	1,94	2,70	1453,98
213	08.07.2022 08:00:00	11,22	-0,39	1,95	2,71	1453,62
214	08.07.2022 09:00:00	11,15	-0,39	1,95	2,71	1453,38
215	08.07.2022 10:00:00	11,12	-0,39	1,96	2,71	1453,26
216	08.07.2022 11:00:00	11,15	-0,46	1,95	2,71	1453,38
217	08.07.2022 12:00:00	11,12	-0,46	1,96	2,71	1453,25
218	08.07.2022 13:00:00	11,25	-0,46	1,95	2,71	1453,74
219	08.07.2022 14:00:00	11,41	-0,46	1,94	2,71	1454,35
220	08.07.2022 15:00:00	11,77	-0,46	1,92	2,71	1455,67
221	08.07.2022 16:00:00	11,86	-0,52	1,91	2,70	1456,02
222	08.07.2022 17:00:00	11,86	-0,52	1,91	2,70	1456,02
223	08.07.2022 18:00:00	11,80	-0,52	1,92	2,71	1455,79
224	08.07.2022 19:00:00	11,86	-0,46	1,91	2,70	1456,02
225	08.07.2022 20:00:00	12,09	-0,52	1,89	2,69	1456,85
226	08.07.2022 21:00:00	12,21	-0,46	1,89	2,69	1457,32
227	08.07.2022 22:00:00	12,15	-0,52	1,89	2,69	1457,08
228	08.07.2022 23:00:00	12,05	-0,58	1,90	2,70	1456,73
229	09.07.2022 00:00:00	12,28	-0,58	1,88	2,69	1457,55
230	09.07.2022 01:00:00	12,21	-0,58	1,88	2,69	1457,31
231	09.07.2022 02:00:00	11,86	-0,58	1,91	2,70	1456,02
232	09.07.2022 03:00:00	11,70	-0,52	1,92	2,70	1455,42
233	09.07.2022 04:00:00	11,54	-0,58	1,93	2,70	1454,83
234	09.07.2022 05:00:00	10,60	-0,58	1,98	2,71	1451,27
235	09.07.2022 06:00:00	10,56	-0,52	1,99	2,72	1451,16
236	09.07.2022 07:00:00	10,24	-0,52	2,01	2,72	1449,90
237	09.07.2022 08:00:00	9,41	-0,46	2,07	2,74	1446,70
238	09.07.2022 09:00:00	9,97	-0,46	2,04	2,74	1448,90
239	09.07.2022 10:00:00	9,94	-0,33	2,03	2,73	1448,76
240	09.07.2022 11:00:00	10,40	-0,33	2,01	2,73	1450,54
241	09.07.2022 12:00:00	10,73	-0,46	1,98	2,72	1451,78
242	09.07.2022 13:00:00	10,99	-0,52	1,97	2,72	1452,77
243	09.07.2022 14:00:00	11,12	-0,52	1,96	2,71	1453,25
244	09.07.2022 15:00:00	12,47	-0,52	1,89	2,71	1458,27
245	09.07.2022 16:00:00	12,69	-0,46	1,86	2,69	1459,06
246	09.07.2022 17:00:00	12,85	-0,52	1,85	2,69	1459,64
247	09.07.2022 18:00:00	13,39	-0,52	1,82	2,68	1461,56
248	09.07.2022 19:00:00	13,54	-0,52	1,81	2,68	1462,12
249	09.07.2022 20:00:00	13,45	-0,52	1,81	2,68	1461,79
250	09.07.2022 21:00:00	13,39	-0,52	1,82	2,68	1461,56
251	09.07.2022 22:00:00	13,20	-0,46	1,83	2,68	1460,89
252	09.07.2022 23:00:00	12,88	-0,58	1,84	2,68	1459,74
253	10.07.2022 00:00:00	12,50	-0,64	1,87	2,69	1458,36
254	10.07.2022 01:00:00	12,31	-0,58	1,88	2,69	1457,66
255	10.07.2022 02:00:00	12,12	-0,58	1,89	2,69	1456,96
256	10.07.2022 03:00:00	11,80	-0,58	1,91	2,69	1455,78
257	10.07.2022 04:00:00	11,57	-0,64	1,93	2,70	1454,95
258	10.07.2022 05:00:00	11,28	-0,58	1,94	2,70	1453,86
259	10.07.2022 06:00:00	10,10	-0,52	2,02	2,73	1449,40
260	10.07.2022 07:00:00	10,40	-0,46	2,01	2,73	1450,54
261	10.07.2022 08:00:00	10,24	-0,46	2,01	2,73	1449,90
262	10.07.2022 09:00:00	9,67	-0,39	2,04	2,72	1447,73
263	10.07.2022 10:00:00	9,67	-0,39	2,05	2,73	1447,74
264	10.07.2022 11:00:00	9,51	-0,33	2,06	2,73	1447,09
265	10.07.2022 12:00:00	9,81	-0,33	2,04	2,73	1448,25
266	10.07.2022 13:00:00	9,81	-0,39	2,04	2,73	1448,25
267	10.07.2022 14:00:00	9,84	-0,39	2,04	2,73	1448,38
268	10.07.2022 15:00:00	10,60	-0,39	2,00	2,74	1451,30
269	10.07.2022 16:00:00	11,83	-0,39	1,91	2,70	1455,90
270	10.07.2022 17:00:00	11,86	-0,39	1,91	2,70	1456,02
271	10.07.2022 18:00:00	12,15	-0,39	1,89	2,69	1457,08
272	10.07.2022 19:00:00	12,25	-0,39	1,88	2,69	1457,44
273	10.07.2022 20:00:00	12,25	-0,39	1,88	2,69	1457,44
274	10.07.2022 21:00:00	12,12	-0,39	1,89	2,69	1456,96
275	10.07.2022 22:00:00	12,15	-0,33	1,89	2,69	1457,09
276	10.07.2022 23:00:00	12,02	-0,33	1,90	2,69	1456,61
277	11.07.2022 00:00:00	11,89	-0,46	1,91	2,70	1456,15
278	11.07.2022 01:00:00	11,70	-0,46	1,92	2,70	1455,43
279	11.07.2022 02:00:00	11,48	-0,46	1,94	2,71	1454,59
280	11.07.2022 03:00:00	11,35	-0,46	1,94	2,71	1454,11
281	11.07.2022 04:00:00	11,28	-0,39	1,95	2,71	1453,87
282	11.07.2022 05:00:00	11,18	-0,52	1,95	2,71	1453,50
283	11.07.2022 06:00:00	10,92	-0,33	1,97	2,71	1452,52
284	11.07.2022 07:00:00	10,99	-0,33	1,97	2,72	1452,77
285	11.07.2022 08:00:00	10,83	-0,33	1,97	2,72	1452,15
286	11.07.2022 09:00:00	10,43	-0,21	2,00	2,72	1450,66
287	11.07.2022 10:00:00	10,79	-0,21	1,98	2,72	1452,03
288	11.07.2022 11:00:00	10,83	-0,14	1,98	2,72	1452,16
289	11.07.2022 12:00:00	11,05	-0,14	1,96	2,71	1453,02
290	11.07.2022 13:00:00	11,25	-0,14	1,95	2,71	1453,75
291	11.07.2022 14:00:00	11,41	-0,21	1,94	2,71	1454,35
292	11.07.2022 15:00:00	11,51	-0,21	1,94	2,71	1454,72
293	11.07.2022 16:00:00	11,70	-0,21	1,92	2,71	1455,44
294	11.07.2022 17:00:00	11,89	-0,27	1,91	2,70	1456,15
295	11.07.2022 18:00:00	12,12	-0,33	1,89	2,69	1456,97
296	11.07.2022 19:00:00	12,31	-0,33	1,88	2,69	1457,67
297	11.07.2022 20:00:00	12,18	-0,33	1,89	2,69	1457,20
298	11.07.2022 21:00:00	11,86	-0,27	1,90	2,69	1456,02
299	11.07.2022 22:00:00	11,93	-0,33	1,90	2,70	1456,26
300	11.07.2022 23:00:00	12,05	-0,39	1,90	2,70	1456,73
301	12.07.2022 00:00:00	12,28	-0,27	1,88	2,69	1457,56
302	12.07.2022 01:00:00	12,21	-0,33	1,88	2,69	1457,32
303	12.07.2022 02:00:00	12,25	-0,39	1,88	2,69	1457,44
304	12.07.2022 03:00:00	12,31	-0,46	1,88	2,69	1457,67
305	12.07.2022 04:00:00	12,18	-0,52	1,89	2,69	1457,20
306	12.07.2022 05:00:00	11,80	-0,52	1,91	2,70	1455,78
307	12.07.2022 06:00:00	11,77	-0,46	1,92	2,71	1455,67
308	12.07.2022 07:00:00	11,44	-0,46	1,93	2,71	1454,47
309	12.07.2022 08:00:00	11,28	-0,46	1,94	2,71	1453,86
310	12.07.2022 09:00:00	10,66	-0,46	1,98	2,71	1451,52
311	12.07.2022 10:00:00	10,53	-0,39	1,99	2,72	1451,04
312	12.07.2022 11:00:00	10,40	-0,27	2,00	2,72	1450,53
313	12.07.2022 12:00:00	10,37	-0,27	2,01	2,73	1450,42
314	12.07.2022 13:00:00	10,34	-0,27	2,01	2,73	1450,29
315	12.07.2022 14:00:00	10,30	-0,27	2,01	2,72	1450,16
316	12.07.2022 15:00:00	10,24	-0,39	2,02	2,73	1449,91
317	12.07.2022 16:00:00	10,24	-0,39	2,01	2,73	1449,91
318	12.07.2022 17:00:00	10,20	-0,39	2,02	2,73	1449,78
319	12.07.2022 18:00:00	10,20	-0,39	2,02	2,73	1449,78
320	12.07.2022 19:00:00	10,24	-0,52	2,01	2,73	1449,90
321	12.07.2022 20:00:00	10,17	-0,46	2,02	2,73	1449,65
322	12.07.2022 21:00:00	10,04	-0,46	2,03	2,73	1449,14
323	12.07.2022 22:00:00	9,91	-0,39	2,04	2,73	1448,64
324	12.07.2022 23:00:00	9,81	-0,39	2,04	2,73	1448,25
325	13.07.2022 00:00:00	9,71	-0,39	2,05	2,73	1447,87
326	13.07.2022 01:00:00	9,64	-0,39	2,05	2,73	1447,61
327	13.07.2022 02:00:00	9,44	-0,46	2,07	2,74	1446,83
328	13.07.2022 03:00:00	9,34	-0,52	2,07	2,74	1446,43
329	13.07.2022 04:00:00	9,21	-0,46	2,08	2,74	1445,91
330	13.07.2022 05:00:00	8,97	-0,52	2,10	2,74	1444,98
331	13.07.2022 06:00:00	8,84	-0,58	2,11	2,75	1444,45
332	13.07.2022 07:00:00	8,74	-0,52	2,12	2,75	1444,05
333	13.07.2022 08:00:00	8,57	-0,58	2,13	2,75	1443,38
334	13.07.2022 09:00:00	8,40	-0,52	2,14	2,75	1442,70
335	13.07.2022 10:00:00	8,30	-0,39	2,15	2,75	1442,30
336	13.07.2022 11:00:00	8,19	-0,33	2,15	2,75	1441,89
337	13.07.2022 12:00:00	8,16	-0,33	2,16	2,76	1441,75
338	13.07.2022 13:00:00	8,09	-0,21	2,16	2,76	1441,48
339	13.07.2022 14:00:00	8,40	-0,33	2,14	2,75	1442,71
340	13.07.2022 15:00:00	7,58	-0,21	2,19	2,75	1439,38
341	13.07.2022 16:00:00	7,89	-0,33	2,18	2,76	1440,65
342	13.07.2022 17:00:00	7,99	-0,33	2,17	2,76	1441,07
343	13.07.2022 18:00:00	7,82	-0,39	2,18	2,76	1440,37
344	13.07.2022 19:00:00	7,71	-0,33	2,19	2,76	1439,95
345	13.07.2022 20:00:00	7,44	-0,39	2,21	2,76	1438,83
346	13.07.2022 21:00:00	7,44	-0,39	2,21	2,76	1438,83
347	13.07.2022 22:00:00	7,47	-0,39	2,21	2,76	1438,97
348	13.07.2022 23:00:00	7,30	-0,27	2,22	2,76	1438,26
349	14.07.2022 00:00:00	7,37	-0,27	2,22	2,77	1438,55
350	14.07.2022 01:00:00	7,13	-0,21	2,23	2,77	1437,55
351	14.07.2022 02:00:00	7,09	-0,21	2,24	2,77	1437,41
352	14.07.2022 03:00:00	7,06	-0,27	2,24	2,77	1437,27
353	14.07.2022 04:00:00	6,71	-0,39	2,27	2,77	1435,82
354	14.07.2022 05:00:00	6,18	-0,33	2,30	2,77	1433,61
355	14.07.2022 06:00:00	6,14	-0,46	2,31	2,78	1433,46
356	14.07.2022 07:00:00	6,14	-0,33	2,31	2,78	1433,46
357	14.07.2022 08:00:00	6,18	-0,39	2,31	2,78	1433,61
358	14.07.2022 09:00:00	5,97	-0,39	2,32	2,78	1432,71
359	14.07.2022 10:00:00	5,72	-0,27	2,34	2,78	1431,66
360	14.07.2022 11:00:00	4,23	-0,21	2,45	2,78	1425,22
361	14.07.2022 12:00:00	5,36	-0,08	2,37	2,79	1430,13
362	14.07.2022 13:00:00	6,74	-0,14	2,28	2,79	1435,99
363	14.07.2022 14:00:00	7,16	-0,08	2,23	2,77	1437,70
364	14.07.2022 15:00:00	7,44	-0,08	2,21	2,77	1438,84
365	14.07.2022 16:00:00	7,65	-0,08	2,20	2,76	1439,68
366	14.07.2022 17:00:00	7,33	-0,14	2,22	2,76	1438,41
367	14.07.2022 18:00:00	7,37	-0,14	2,22	2,77	1438,55
368	14.07.2022 19:00:00	7,82	-0,27	2,19	2,77	1440,38
369	14.07.2022 20:00:00	7,82	-0,27	2,18	2,76	1440,37
370	14.07.2022 21:00:00	7,82	-0,33	2,18	2,76	1440,37
371	14.07.2022 22:00:00	7,89	-0,27	2,18	2,76	1440,65
372	14.07.2022 23:00:00	7,78	-0,33	2,18	2,76	1440,23
373	15.07.2022 00:00:00	7,51	-0,27	2,21	2,76	1439,11
374	15.07.2022 01:00:00	7,65	-0,21	2,20	2,76	1439,68
375	15.07.2022 02:00:00	6,92	-0,27	2,25	2,77	1436,69
376	15.07.2022 03:00:00	6,81	-0,27	2,26	2,77	1436,26
377	15.07.2022 04:00:00	6,71	-0,27	2,27	2,77	1435,82
378	15.07.2022 05:00:00	6,67	-0,33	2,27	2,77	1435,67
379	15.07.2022 06:00:00	6,60	-0,39	2,27	2,77	1435,38
380	15.07.2022 07:00:00	7,06	-0,39	2,24	2,78	1437,27
381	15.07.2022 08:00:00	6,60	-0,46	2,27	2,77	1435,38
382	15.07.2022 09:00:00	6,71	-0,46	2,27	2,77	1435,82
383	15.07.2022 10:00:00	6,53	-0,46	2,28	2,78	1435,09
384	15.07.2022 11:00:00	6,39	-0,33	2,29	2,78	1434,50
385	15.07.2022 12:00:00	5,82	-0,27	2,33	2,78	1432,12
386	15.07.2022 13:00:00	6,50	-0,27	2,29	2,78	1434,95
387	15.07.2022 14:00:00	6,53	-0,21	2,28	2,78	1435,09
388	15.07.2022 15:00:00	6,60	-0,14	2,27	2,78	1435,39
389	15.07.2022 16:00:00	6,57	-0,14	2,28	2,77	1435,24
390	15.07.2022 17:00:00	6,67	-0,21	2,27	2,78	1435,68
391	15.07.2022 18:00:00	6,85	-0,27	2,26	2,77	1436,40
392	15.07.2022 19:00:00	7,13	-0,33	2,24	2,77	1437,56
393	15.07.2022 20:00:00	7,20	-0,33	2,23	2,77	1437,84
394	15.07.2022 21:00:00	7,61	-0,27	2,20	2,77	1439,54
395	15.07.2022 22:00:00	7,95	-0,39	2,17	2,76	1440,93
396	15.07.2022 23:00:00	7,95	-0,33	2,17	2,76	1440,93
397	16.07.2022 00:00:00	8,02	-0,33	2,17	2,76	1441,20
398	16.07.2022 01:00:00	7,99	-0,27	2,17	2,76	1441,07
399	16.07.2022 02:00:00	7,85	-0,21	2,18	2,76	1440,51
400	16.07.2022 03:00:00	7,68	-0,27	2,19	2,76	1439,81
401	16.07.2022 04:00:00	7,58	-0,21	2,20	2,76	1439,40
402	16.07.2022 05:00:00	7,40	-0,33	2,21	2,76	1438,69
403	16.07.2022 06:00:00	7,30	-0,39	2,22	2,77	1438,26
404	16.07.2022 07:00:00	7,23	-0,46	2,23	2,77	1437,98
405	16.07.2022 08:00:00	7,09	-0,39	2,24	2,77	1437,41
406	16.07.2022 09:00:00	6,78	-0,46	2,26	2,77	1436,10
407	16.07.2022 10:00:00	6,39	-0,52	2,29	2,78	1434,50
408	16.07.2022 11:00:00	6,29	-0,39	2,30	2,78	1434,06
409	16.07.2022 12:00:00	6,29	-0,39	2,30	2,78	1434,06
410	16.07.2022 13:00:00	6,11	-0,33	2,31	2,78	1433,31
411	16.07.2022 14:00:00	6,04	-0,33	2,32	2,78	1433,02
412	16.07.2022 15:00:00	6,07	-0,27	2,31	2,78	1433,17
413	16.07.2022 16:00:00	6,29	-0,27	2,30	2,78	1434,06
414	16.07.2022 17:00:00	6,78	-0,27	2,27	2,78	1436,12
415	16.07.2022 18:00:00	6,95	-0,33	2,25	2,77	1436,83
416	16.07.2022 19:00:00	7,13	-0,33	2,24	2,77	1437,55
417	16.07.2022 20:00:00	7,33	-0,52	2,22	2,77	1438,40
418	16.07.2022 21:00:00	7,30	-0,46	2,22	2,77	1438,26
419	16.07.2022 22:00:00	7,54	-0,46	2,20	2,76	1439,25
420	16.07.2022 23:00:00	7,58	-0,46	2,20	2,76	1439,39
421	17.07.2022 00:00:00	7,40	-0,39	2,21	2,77	1438,69
422	17.07.2022 01:00:00	7,23	-0,33	2,22	2,76	1437,98
423	17.07.2022 02:00:00	7,02	-0,39	2,24	2,77	1437,12
424	17.07.2022 03:00:00	6,88	-0,39	2,25	2,77	1436,54
425	17.07.2022 04:00:00	6,64	-0,39	2,27	2,77	1435,53
426	17.07.2022 05:00:00	6,53	-0,46	2,28	2,77	1435,09
427	17.07.2022 06:00:00	6,36	-0,46	2,29	2,78	1434,35
428	17.07.2022 07:00:00	6,29	-0,46	2,30	2,78	1434,06
429	17.07.2022 08:00:00	6,07	-0,46	2,31	2,78	1433,16
430	17.07.2022 09:00:00	6,04	-0,58	2,32	2,78	1433,01
431	17.07.2022 10:00:00	6,07	-0,58	2,31	2,78	1433,16
432	17.07.2022 11:00:00	6,25	-0,58	2,30	2,78	1433,91
433	17.07.2022 12:00:00	6,60	-0,46	2,27	2,77	1435,38
434	17.07.2022 13:00:00	6,67	-0,46	2,27	2,77	1435,67
435	17.07.2022 14:00:00	7,16	-0,39	2,23	2,77	1437,69
436	17.07.2022 15:00:00	7,51	-0,39	2,21	2,77	1439,12
437	17.07.2022 16:00:00	7,92	-0,39	2,18	2,76	1440,79
438	17.07.2022 17:00:00	8,33	-0,46	2,15	2,76	1442,44
439	17.07.2022 18:00:00	8,74	-0,39	2,12	2,75	1444,06
440	17.07.2022 19:00:00	9,11	-0,39	2,10	2,75	1445,52
441	17.07.2022 20:00:00	9,51	-0,52	2,06	2,74	1447,09
442	17.07.2022 21:00:00	9,91	-0,52	2,04	2,74	1448,64
443	17.07.2022 22:00:00	9,67	-0,58	2,05	2,73	1447,73
444	17.07.2022 23:00:00	9,57	-0,58	2,06	2,73	1447,34
445	18.07.2022 00:00:00	9,24	-0,52	2,08	2,74	1446,04
446	18.07.2022 01:00:00	9,11	-0,39	2,09	2,74	1445,52
447	18.07.2022 02:00:00	9,04	-0,46	2,10	2,74	1445,25
448	18.07.2022 03:00:00	8,97	-0,33	2,10	2,74	1444,99
449	18.07.2022 04:00:00	8,91	-0,39	2,11	2,75	1444,72
450	18.07.2022 05:00:00	8,80	-0,46	2,11	2,75	1444,32
451	18.07.2022 06:00:00	8,23	-0,39	2,15	2,75	1442,03
452	18.07.2022 07:00:00	8,40	-0,46	2,14	2,75	1442,71
453	18.07.2022 08:00:00	8,06	-0,46	2,17	2,76	1441,34
454	18.07.2022 09:00:00	8,47	-0,52	2,14	2,76	1442,98
455	18.07.2022 10:00:00	8,77	-0,52	2,11	2,75	1444,19
456	18.07.2022 11:00:00	9,04	-0,52	2,10	2,75	1445,26
457	18.07.2022 12:00:00	8,97	-0,52	2,10	2,74	1444,99
458	18.07.2022 13:00:00	9,21	-0,46	2,09	2,74	1445,92
459	18.07.2022 14:00:00	9,54	-0,39	2,06	2,74	1447,22
460	18.07.2022 15:00:00	9,81	-0,46	2,05	2,74	1448,25
461	18.07.2022 16:00:00	10,07	-0,46	2,03	2,73	1449,27
462	18.07.2022 17:00:00	10,07	-0,39	2,03	2,73	1449,27
463	18.07.2022 18:00:00	10,07	-0,33	2,03	2,73	1449,27
464	18.07.2022 19:00:00	10,04	-0,39	2,03	2,73	1449,14
465	18.07.2022 20:00:00	10,04	-0,52	2,03	2,73	1449,14
466	18.07.2022 21:00:00	10,17	-0,46	2,02	2,73	1449,65
467	18.07.2022 22:00:00	10,17	-0,52	2,02	2,73	1449,65
468	18.07.2022 23:00:00	9,27	-0,39	2,07	2,72	1446,16
469	19.07.2022 00:00:00	8,80	-0,39	2,11	2,75	1444,32
470	19.07.2022 01:00:00	8,64	-0,39	2,12	2,75	1443,65
471	19.07.2022 02:00:00	8,50	-0,39	2,13	2,75	1443,11
472	19.07.2022 03:00:00	8,43	-0,27	2,14	2,75	1442,84
473	19.07.2022 04:00:00	8,40	-0,21	2,14	2,75	1442,71
474	19.07.2022 05:00:00	8,53	-0,14	2,13	2,75	1443,25
475	19.07.2022 06:00:00	8,43	-0,14	2,14	2,75	1442,85
476	19.07.2022 07:00:00	8,33	-0,27	2,14	2,75	1442,44
477	19.07.2022 08:00:00	8,23	-0,27	2,15	2,75	1442,03
478	19.07.2022 09:00:00	8,13	-0,33	2,16	2,75	1441,61
479	19.07.2022 10:00:00	8,23	-0,33	2,15	2,75	1442,03
480	19.07.2022 11:00:00	8,57	-0,33	2,13	2,76	1443,39
481	19.07.2022 12:00:00	8,97	-0,39	2,10	2,74	1444,99
482	19.07.2022 13:00:00	9,04	-0,46	2,10	2,74	1445,25
483	19.07.2022 14:00:00	9,27	-0,39	2,08	2,74	1446,18
484	19.07.2022 15:00:00	9,17	-0,46	2,09	2,74	1445,78
485	19.07.2022 16:00:00	9,37	-0,46	2,07	2,74	1446,57
486	19.07.2022 17:00:00	9,34	-0,58	2,07	2,74	1446,43
487	19.07.2022 18:00:00	9,54	-0,46	2,06	2,74	1447,22
488	19.07.2022 19:00:00	9,71	-0,46	2,05	2,74	1447,87
489	19.07.2022 20:00:00	9,87	-0,64	2,04	2,73	1448,50
490	19.07.2022 21:00:00	9,64	-0,58	2,05	2,73	1447,60
491	19.07.2022 22:00:00	9,71	-0,64	2,05	2,73	1447,86
492	19.07.2022 23:00:00	9,74	-0,71	2,05	2,73	1447,99
493	20.07.2022 00:00:00	9,64	-0,64	2,05	2,73	1447,60
494	20.07.2022 01:00:00	9,57	-0,64	2,06	2,73	1447,34
495	20.07.2022 02:00:00	9,37	-0,64	2,07	2,74	1446,56
496	20.07.2022 03:00:00	9,31	-0,64	2,08	2,74	1446,30
497	20.07.2022 04:00:00	9,21	-0,52	2,08	2,74	1445,91
498	20.07.2022 05:00:00	9,01	-0,52	2,10	2,74	1445,12
499	20.07.2022 06:00:00	8,97	-0,46	2,10	2,74	1444,99
500	20.07.2022 07:00:00	9,04	-0,46	2,10	2,74	1445,25
501	20.07.2022 08:00:00	8,87	-0,58	2,11	2,75	1444,59
502	20.07.2022 09:00:00	8,77	-0,64	2,11	2,75	1444,18
503	20.07.2022 10:00:00	9,34	-0,52	2,07	2,74	1446,44
504	20.07.2022 11:00:00	9,67	-0,64	2,06	2,74	1447,74
505	20.07.2022 12:00:00	10,17	-0,58	2,02	2,73	1449,65
506	20.07.2022 13:00:00	10,37	-0,58	2,01	2,73	1450,41
507	20.07.2022 14:00:00	10,76	-0,58	1,98	2,72	1451,90
508	20.07.2022 15:00:00	10,73	-0,58	1,98	2,72	1451,78
509	20.07.2022 16:00:00	11,93	-0,58	1,90	2,70	1456,26
510	20.07.2022 17:00:00	12,41	-0,52	1,88	2,70	1458,03
511	20.07.2022 18:00:00	13,10	-0,52	1,83	2,68	1460,55
512	20.07.2022 19:00:00	13,10	-0,58	1,83	2,68	1460,54
513	20.07.2022 20:00:00	13,26	-0,52	1,83	2,68	1461,11
514	20.07.2022 21:00:00	13,76	-0,58	1,80	2,68	1462,91
515	20.07.2022 22:00:00	14,32	-0,58	1,76	2,66	1464,87
516	20.07.2022 23:00:00	14,36	-0,58	1,76	2,66	1464,98
517	21.07.2022 00:00:00	13,79	-0,58	1,79	2,67	1463,01
518	21.07.2022 01:00:00	12,66	-0,64	1,84	2,66	1458,92
519	21.07.2022 02:00:00	11,83	-0,64	1,91	2,70	1455,90
520	21.07.2022 03:00:00	11,25	-0,71	1,94	2,70	1453,73
521	21.07.2022 04:00:00	10,63	-0,71	1,99	2,72	1451,40
522	21.07.2022 05:00:00	10,10	-0,64	2,02	2,72	1449,39
523	21.07.2022 06:00:00	9,84	-0,58	2,04	2,73	1448,38
524	21.07.2022 07:00:00	9,31	-0,64	2,07	2,73	1446,29
525	21.07.2022 08:00:00	8,97	-0,64	2,10	2,74	1444,98
526	21.07.2022 09:00:00	8,77	-0,64	2,11	2,74	1444,18
527	21.07.2022 10:00:00	8,80	-0,71	2,11	2,75	1444,32
528	21.07.2022 11:00:00	8,94	-0,77	2,10	2,75	1444,85
529	21.07.2022 12:00:00	9,17	-0,77	2,09	2,74	1445,78
530	21.07.2022 13:00:00	9,47	-0,71	2,07	2,74	1446,96
531	21.07.2022 14:00:00	9,71	-0,71	2,05	2,73	1447,86
532	21.07.2022 15:00:00	9,84	-0,77	2,04	2,73	1448,38
533	21.07.2022 16:00:00	9,94	-0,77	2,03	2,73	1448,76
534	21.07.2022 17:00:00	10,14	-0,77	2,02	2,73	1449,52
535	21.07.2022 18:00:00	10,17	-0,77	2,02	2,73	1449,65
536	21.07.2022 19:00:00	10,14	-0,77	2,02	2,73	1449,52
537	21.07.2022 20:00:00	9,87	-0,71	2,04	2,73	1448,50
538	21.07.2022 21:00:00	9,67	-0,77	2,05	2,73	1447,73
539	21.07.2022 22:00:00	9,44	-0,77	2,07	2,74	1446,82
540	21.07.2022 23:00:00	9,24	-0,89	2,08	2,74	1446,03
541	22.07.2022 00:00:00	9,07	-0,89	2,09	2,74	1445,38
542	22.07.2022 01:00:00	8,94	-0,95	2,10	2,74	1444,84
543	22.07.2022 02:00:00	8,84	-0,89	2,11	2,75	1444,45
544	22.07.2022 03:00:00	8,70	-0,83	2,12	2,75	1443,91
545	22.07.2022 04:00:00	8,57	-0,89	2,13	2,75	1443,38
546	22.07.2022 05:00:00	8,47	-0,83	2,14	2,75	1442,97
547	22.07.2022 06:00:00	8,26	-0,83	2,15	2,75	1442,16
548	22.07.2022 07:00:00	8,36	-0,77	2,15	2,75	1442,57
549	22.07.2022 08:00:00	8,26	-0,71	2,15	2,75	1442,16
550	22.07.2022 09:00:00	8,16	-0,64	2,16	2,75	1441,75
551	22.07.2022 10:00:00	8,02	-0,71	2,17	2,76	1441,20
552	22.07.2022 11:00:00	8,13	-0,71	2,16	2,76	1441,61
553	22.07.2022 12:00:00	8,23	-0,71	2,15	2,75	1442,02
554	22.07.2022 13:00:00	8,16	-0,64	2,16	2,75	1441,75
555	22.07.2022 14:00:00	8,30	-0,71	2,15	2,75	1442,29
556	22.07.2022 15:00:00	8,36	-0,71	2,14	2,75	1442,57
557	22.07.2022 16:00:00	8,43	-0,71	2,14	2,75	1442,84
558	22.07.2022 17:00:00	8,47	-0,71	2,14	2,75	1442,97
559	22.07.2022 18:00:00	8,50	-0,64	2,13	2,75	1443,11
560	22.07.2022 19:00:00	8,70	-0,58	2,12	2,75	1443,92
561	22.07.2022 20:00:00	8,64	-0,52	2,12	2,75	1443,65
562	22.07.2022 21:00:00	8,53	-0,58	2,13	2,75	1443,24
563	22.07.2022 22:00:00	8,47	-0,58	2,14	2,75	1442,98
564	22.07.2022 23:00:00	8,36	-0,58	2,14	2,75	1442,57
565	23.07.2022 00:00:00	8,16	-0,64	2,16	2,76	1441,75
566	23.07.2022 01:00:00	8,06	-0,58	2,16	2,76	1441,34
567	23.07.2022 02:00:00	7,92	-0,64	2,18	2,76	1440,78
568	23.07.2022 03:00:00	7,89	-0,58	2,18	2,76	1440,65
569	23.07.2022 04:00:00	7,71	-0,52	2,19	2,76	1439,95
570	23.07.2022 05:00:00	7,75	-0,52	2,19	2,76	1440,09
571	23.07.2022 06:00:00	7,51	-0,52	2,21	2,76	1439,11
572	23.07.2022 07:00:00	7,37	-0,46	2,21	2,76	1438,54
573	23.07.2022 08:00:00	7,37	-0,39	2,22	2,77	1438,55
574	23.07.2022 09:00:00	7,37	-0,39	2,22	2,77	1438,55
575	23.07.2022 10:00:00	7,37	-0,39	2,22	2,77	1438,55
576	23.07.2022 11:00:00	7,37	-0,39	2,22	2,77	1438,55
577	23.07.2022 12:00:00	7,40	-0,46	2,21	2,77	1438,69
578	23.07.2022 13:00:00	7,47	-0,46	2,21	2,77	1438,97
579	23.07.2022 14:00:00	7,61	-0,46	2,20	2,76	1439,53
580	23.07.2022 15:00:00	7,68	-0,39	2,19	2,76	1439,81
581	23.07.2022 16:00:00	7,85	-0,52	2,18	2,76	1440,51
582	23.07.2022 17:00:00	7,89	-0,52	2,18	2,76	1440,65
583	23.07.2022 18:00:00	7,85	-0,58	2,18	2,76	1440,51
584	23.07.2022 19:00:00	7,89	-0,52	2,18	2,76	1440,65
585	23.07.2022 20:00:00	7,92	-0,52	2,18	2,76	1440,79
586	23.07.2022 21:00:00	7,89	-0,52	2,18	2,76	1440,65
587	23.07.2022 22:00:00	7,92	-0,52	2,18	2,76	1440,79
588	23.07.2022 23:00:00	7,85	-0,58	2,18	2,76	1440,51
589	24.07.2022 00:00:00	7,78	-0,52	2,19	2,76	1440,23
590	24.07.2022 01:00:00	7,82	-0,58	2,18	2,76	1440,37
591	24.07.2022 02:00:00	7,65	-0,58	2,20	2,76	1439,67
592	24.07.2022 03:00:00	7,54	-0,58	2,20	2,76	1439,25
593	24.07.2022 04:00:00	7,44	-0,58	2,21	2,76	1438,83
594	24.07.2022 05:00:00	7,37	-0,58	2,22	2,76	1438,54
595	24.07.2022 06:00:00	7,37	-0,64	2,22	2,77	1438,54
596	24.07.2022 07:00:00	7,27	-0,58	2,22	2,77	1438,12
597	24.07.2022 08:00:00	7,61	-0,52	2,20	2,76	1439,53
598	24.07.2022 09:00:00	7,30	-0,52	2,22	2,76	1438,26
599	24.07.2022 10:00:00	6,85	-0,52	3,06	3,69	1437,41
600	24.07.2022 11:00:00	6,60	-0,39	4,52	5,29	1438,24
601	24.07.2022 12:00:00	6,43	-0,46	5,74	6,58	1439,04
602	24.07.2022 13:00:00	6,71	-0,46	5,99	6,91	1440,56
603	24.07.2022 14:00:00	6,07	-0,39	7,06	7,91	1439,23
604	24.07.2022 15:00:00	6,50	-0,52	7,52	8,49	1441,61
605	24.07.2022 16:00:00	6,71	-0,46	7,90	8,94	1442,98
606	24.07.2022 17:00:00	5,97	-0,52	8,31	9,18	1440,37
607	24.07.2022 18:00:00	6,14	-0,52	8,59	9,51	1441,48
608	24.07.2022 19:00:00	6,07	-0,58	8,90	9,81	1441,58
609	24.07.2022 20:00:00	6,32	-0,64	9,10	10,08	1442,88
610	24.07.2022 21:00:00	7,78	-0,58	7,48	8,74	1446,90
611	24.07.2022 22:00:00	8,40	-0,58	6,42	7,71	1448,07
612	24.07.2022 23:00:00	9,21	-0,58	3,82	4,84	1448,07
613	25.07.2022 00:00:00	9,14	-0,64	2,67	3,46	1446,37
614	25.07.2022 01:00:00	8,57	-0,64	2,28	2,93	1443,56
615	25.07.2022 02:00:00	8,16	-0,77	2,16	2,76	1441,75
616	25.07.2022 03:00:00	7,85	-0,83	2,18	2,75	1440,50
617	25.07.2022 04:00:00	7,47	-0,83	2,21	2,76	1438,96
618	25.07.2022 05:00:00	7,33	-0,89	2,22	2,76	1438,40
619	25.07.2022 06:00:00	7,20	-0,89	2,23	2,77	1437,83
620	25.07.2022 07:00:00	6,92	-0,83	2,25	2,77	1436,68
621	25.07.2022 08:00:00	6,74	-0,77	2,26	2,77	1435,96
622	25.07.2022 09:00:00	6,74	-0,71	2,26	2,77	1435,96
623	25.07.2022 10:00:00	6,81	-0,71	2,26	2,77	1436,25
624	25.07.2022 11:00:00	6,78	-0,71	2,26	2,77	1436,10
625	25.07.2022 12:00:00	6,78	-0,64	2,26	2,77	1436,11
626	25.07.2022 13:00:00	6,88	-0,64	2,25	2,77	1436,54
627	25.07.2022 14:00:00	6,99	-0,77	2,24	2,77	1436,97
628	25.07.2022 15:00:00	7,27	-0,71	2,23	2,77	1438,12
629	25.07.2022 16:00:00	7,61	-0,83	2,20	2,76	1439,53
630	25.07.2022 17:00:00	7,75	-0,77	2,19	2,76	1440,09
631	25.07.2022 18:00:00	7,75	-0,89	2,19	2,76	1440,08
632	25.07.2022 19:00:00	7,54	-0,89	2,20	2,76	1439,24
633	25.07.2022 20:00:00	7,27	-0,89	2,22	2,77	1438,11
634	25.07.2022 21:00:00	7,02	-0,95	2,24	2,77	1437,11
635	25.07.2022 22:00:00	6,64	-0,83	2,27	2,77	1435,52
636	25.07.2022 23:00:00	6,46	-0,83	2,28	2,77	1434,79
637	26.07.2022 00:00:00	6,21	-0,83	2,30	2,78	1433,75
638	26.07.2022 01:00:00	5,75	-0,83	2,33	2,78	1431,80
639	26.07.2022 02:00:00	5,79	-0,89	2,34	2,78	1431,95
640	26.07.2022 03:00:00	5,86	-0,95	2,33	2,78	1432,26
641	26.07.2022 04:00:00	5,75	-0,95	2,34	2,78	1431,80
642	26.07.2022 05:00:00	5,50	-0,95	2,36	2,78	1430,73
643	26.07.2022 06:00:00	5,97	-0,89	2,32	2,78	1432,71
644	26.07.2022 07:00:00	5,54	-0,83	2,35	2,78	1430,88
645	26.07.2022 08:00:00	6,32	-0,89	2,30	2,78	1434,20
646	26.07.2022 09:00:00	6,29	-0,89	2,30	2,78	1434,05
647	26.07.2022 10:00:00	6,39	-0,83	2,29	2,78	1434,49
648	26.07.2022 11:00:00	6,46	-0,77	2,29	2,78	1434,79
649	26.07.2022 12:00:00	6,95	-0,89	2,25	2,77	1436,83
650	26.07.2022 13:00:00	6,85	-0,77	6,07	7,02	1441,24
651	26.07.2022 14:00:00	7,33	-0,71	6,28	7,34	1443,54
652	26.07.2022 15:00:00	7,71	-0,83	6,45	7,61	1445,32
653	26.07.2022 16:00:00	8,13	-0,83	6,49	7,73	1447,04
654	26.07.2022 17:00:00	8,60	-0,89	6,49	7,83	1448,97
655	26.07.2022 18:00:00	8,80	-0,89	6,63	8,02	1449,96
656	26.07.2022 19:00:00	8,64	-0,77	6,70	8,07	1449,37
657	26.07.2022 20:00:00	8,91	-0,77	6,41	7,80	1450,09
658	26.07.2022 21:00:00	8,60	-0,71	6,32	7,64	1448,77
659	26.07.2022 22:00:00	8,23	-0,64	6,20	7,42	1447,10
660	26.07.2022 23:00:00	7,82	-0,58	6,00	7,12	1445,17
661	27.07.2022 00:00:00	7,61	-0,52	5,84	6,91	1444,12
662	27.07.2022 01:00:00	7,51	-0,52	5,71	6,75	1443,54
663	27.07.2022 02:00:00	7,13	-0,33	5,59	6,55	1441,80
664	27.07.2022 03:00:00	6,95	-0,46	5,49	6,41	1440,95
665	27.07.2022 04:00:00	6,81	-0,33	5,42	6,31	1440,28
666	27.07.2022 05:00:00	6,74	-0,33	5,39	6,26	1439,94
667	27.07.2022 06:00:00	6,57	-0,27	5,43	6,28	1439,25
668	27.07.2022 07:00:00	6,50	-0,27	5,53	6,38	1439,09
669	27.07.2022 08:00:00	6,36	-0,08	5,63	6,46	1438,61
670	27.07.2022 09:00:00	6,29	-0,27	5,73	6,55	1438,43
671	27.07.2022 10:00:00	6,21	-0,14	5,79	6,60	1438,21
672	27.07.2022 11:00:00	6,14	-0,14	5,92	6,73	1438,08
673	27.07.2022 12:00:00	6,07	-0,14	6,06	6,86	1437,95
674	27.07.2022 13:00:00	6,07	-0,08	6,18	6,99	1438,11
675	27.07.2022 14:00:00	5,93	-0,21	6,29	7,08	1437,64
676	27.07.2022 15:00:00	6,00	-0,14	6,41	7,22	1438,10
677	27.07.2022 16:00:00	5,97	-0,21	6,47	7,27	1438,02
678	27.07.2022 17:00:00	5,79	-0,14	6,49	7,26	1437,29
679	27.07.2022 18:00:00	5,64	-0,27	6,51	7,25	1436,69
680	27.07.2022 19:00:00	5,50	-0,21	6,52	7,23	1436,09
681	27.07.2022 20:00:00	5,43	-0,21	6,53	7,23	1435,79
682	27.07.2022 21:00:00	5,25	-0,21	6,59	7,25	1435,08
683	27.07.2022 22:00:00	5,18	-0,14	6,62	7,27	1434,81
684	27.07.2022 23:00:00	5,07	-0,08	6,68	7,31	1434,42
685	28.07.2022 00:00:00	5,14	-0,08	6,76	7,41	1434,84
686	28.07.2022 01:00:00	5,07	-0,08	6,80	7,43	1434,57
687	28.07.2022 02:00:00	4,74	-0,08	6,85	7,41	1433,20
688	28.07.2022 03:00:00	4,70	-0,14	6,88	7,44	1433,08
689	28.07.2022 04:00:00	4,63	-0,21	6,92	7,46	1432,81
690	28.07.2022 05:00:00	4,34	-0,27	6,96	7,44	1431,56
691	28.07.2022 06:00:00	4,19	-0,27	6,99	7,44	1430,95
692	28.07.2022 07:00:00	4,15	-0,27	6,97	7,41	1430,76
693	28.07.2022 08:00:00	4,23	-0,33	6,90	7,35	1430,99
694	28.07.2022 09:00:00	4,30	-0,27	6,81	7,28	1431,20
695	28.07.2022 10:00:00	4,26	-0,33	6,72	7,18	1430,92
696	28.07.2022 11:00:00	4,19	-0,14	6,62	7,07	1430,47
697	28.07.2022 12:00:00	4,23	-0,14	6,50	6,96	1430,48
698	28.07.2022 13:00:00	4,34	-0,14	6,43	6,91	1430,88
699	28.07.2022 14:00:00	4,37	-0,14	6,38	6,87	1430,98
700	28.07.2022 15:00:00	4,41	-0,08	6,36	6,85	1431,11
701	28.07.2022 16:00:00	4,37	-0,14	6,34	6,82	1430,92
702	28.07.2022 17:00:00	4,34	-0,27	6,32	6,80	1430,74
703	28.07.2022 18:00:00	4,37	-0,27	6,28	6,77	1430,85
704	28.07.2022 19:00:00	4,30	-0,27	6,25	6,72	1430,47
705	28.07.2022 20:00:00	4,19	-0,21	6,22	6,67	1429,94
706	28.07.2022 21:00:00	4,26	-0,21	6,20	6,67	1430,25
707	28.07.2022 22:00:00	4,26	-0,27	6,17	6,63	1430,20
708	28.07.2022 23:00:00	4,23	-0,14	6,15	6,61	1430,02
709	29.07.2022 00:00:00	4,34	-0,14	6,15	6,63	1430,51
710	29.07.2022 01:00:00	4,23	-0,08	6,17	6,62	1430,04
711	29.07.2022 02:00:00	4,12	-0,21	6,17	6,61	1429,56
712	29.07.2022 03:00:00	4,00	-0,14	6,16	6,58	1429,05
713	29.07.2022 04:00:00	3,97	-0,14	6,17	6,57	1428,89
714	29.07.2022 05:00:00	3,86	-0,14	6,12	6,51	1428,33
715	29.07.2022 06:00:00	3,78	-0,33	6,08	6,46	1427,94
716	29.07.2022 07:00:00	3,74	-0,33	6,05	6,42	1427,73
717	29.07.2022 08:00:00	3,74	-0,39	5,99	6,36	1427,65
718	29.07.2022 09:00:00	3,89	-0,27	5,97	6,37	1428,30
719	29.07.2022 10:00:00	3,93	-0,27	5,98	6,38	1428,47
720	29.07.2022 11:00:00	3,93	-0,27	5,96	6,37	1428,45
721	29.07.2022 12:00:00	4,00	-0,21	5,94	6,35	1428,75
722	29.07.2022 13:00:00	4,12	-0,21	5,90	6,34	1429,21
723	29.07.2022 14:00:00	4,19	-0,14	5,95	6,40	1429,60
724	29.07.2022 15:00:00	4,52	-0,14	6,00	6,51	1431,13
725	29.07.2022 16:00:00	4,48	-0,21	6,00	6,50	1430,97
726	29.07.2022 17:00:00	4,56	-0,27	6,12	6,63	1431,44
727	29.07.2022 18:00:00	4,63	-0,27	6,20	6,74	1431,88
728	29.07.2022 19:00:00	4,81	-0,39	6,28	6,85	1432,78
729	29.07.2022 20:00:00	4,92	-0,46	6,33	6,92	1433,32
730	29.07.2022 21:00:00	4,92	-0,52	6,37	6,97	1433,38
731	29.07.2022 22:00:00	4,92	-0,46	6,39	6,98	1433,40
732	29.07.2022 23:00:00	4,89	-0,46	6,42	7,00	1433,27
733	30.07.2022 00:00:00	5,00	-0,33	6,42	7,03	1433,76
734	30.07.2022 01:00:00	5,10	-0,33	6,31	6,94	1434,09
735	30.07.2022 02:00:00	4,92	-0,39	6,27	6,86	1433,25
736	30.07.2022 03:00:00	4,52	-0,27	6,28	6,79	1431,49
737	30.07.2022 04:00:00	4,59	-0,39	6,20	6,73	1431,71
738	30.07.2022 05:00:00	4,52	-0,46	6,21	6,72	1431,40
739	30.07.2022 06:00:00	4,52	-0,46	6,13	6,64	1431,29
740	30.07.2022 07:00:00	4,37	-0,58	6,21	6,69	1430,74
741	30.07.2022 08:00:00	4,37	-0,58	6,13	6,62	1430,65
742	30.07.2022 09:00:00	4,59	-0,52	5,91	6,43	1431,33
743	30.07.2022 10:00:00	4,63	-0,58	5,68	6,21	1431,20
744	30.07.2022 11:00:00	5,36	-0,58	4,96	5,58	1433,46
745	30.07.2022 12:00:00	5,82	-0,52	3,97	4,59	1434,21
746	30.07.2022 13:00:00	6,18	-0,46	3,14	3,72	1434,67
747	30.07.2022 14:00:00	6,64	-0,39	2,80	3,38	1436,20
748	30.07.2022 15:00:00	6,95	-0,52	2,63	3,21	1437,32
749	30.07.2022 16:00:00	6,88	-0,52	2,25	2,77	1436,54
750	30.07.2022 17:00:00	7,54	-0,52	2,21	2,77	1439,26
751	30.07.2022 18:00:00	7,44	-0,64	2,21	2,76	1438,83
752	30.07.2022 19:00:00	7,33	-0,71	2,22	2,76	1438,40
753	30.07.2022 20:00:00	7,44	-0,64	2,21	2,76	1438,83
754	30.07.2022 21:00:00	7,40	-0,77	2,21	2,76	1438,68
755	30.07.2022 22:00:00	7,02	-0,71	2,24	2,77	1437,12
756	30.07.2022 23:00:00	6,78	-0,64	2,26	2,77	1436,10
757	31.07.2022 00:00:00	6,43	-0,71	2,29	2,78	1434,64
758	31.07.2022 01:00:00	6,21	-0,58	2,30	2,78	1433,76
759	31.07.2022 02:00:00	5,86	-0,52	2,33	2,78	1432,26
760	31.07.2022 03:00:00	5,68	-0,52	2,34	2,78	1431,50
761	31.07.2022 04:00:00	5,28	-0,58	2,38	2,79	1429,82
762	31.07.2022 05:00:00	4,96	-0,64	2,40	2,79	1428,41
763	31.07.2022 06:00:00	4,81	-0,64	2,41	2,79	1427,79
764	31.07.2022 07:00:00	4,67	-0,64	2,42	2,79	1427,15
765	31.07.2022 08:00:00	4,59	-0,64	2,66	3,05	1427,14
766	31.07.2022 09:00:00	4,59	-0,71	2,86	3,25	1427,39
767	31.07.2022 10:00:00	4,89	-0,71	2,90	3,32	1428,73
768	31.07.2022 11:00:00	5,14	-0,64	2,90	3,35	1429,86
769	31.07.2022 12:00:00	5,54	-0,64	2,93	3,43	1431,63
770	31.07.2022 13:00:00	6,00	-0,58	3,04	3,59	1433,78
771	31.07.2022 14:00:00	5,43	-0,58	3,63	4,17	1432,06
772	31.07.2022 15:00:00	5,43	-0,46	4,37	4,96	1433,01
773	31.07.2022 16:00:00	5,32	-0,52	5,02	5,64	1433,37
774	31.07.2022 17:00:00	4,81	-0,52	5,52	6,08	1431,80
775	31.07.2022 18:00:00	4,78	-0,52	5,94	6,49	1432,18
776	31.07.2022 19:00:00	5,18	-0,52	6,19	6,83	1434,25
777	31.07.2022 20:00:00	5,25	-0,58	6,34	7,00	1434,76
778	31.07.2022 21:00:00	5,36	-0,64	6,43	7,11	1435,34
779	31.07.2022 22:00:00	5,25	-0,58	6,49	7,15	1434,95
780	31.07.2022 23:00:00	5,21	-0,52	6,49	7,14	1434,79
781	01.08.2022 00:00:00	5,64	-0,52	6,40	7,14	1436,55
782	01.08.2022 01:00:00	5,14	-0,52	6,41	7,04	1434,37
783	01.08.2022 02:00:00	5,28	-0,46	6,31	6,97	1434,88
784	01.08.2022 03:00:00	5,25	-0,39	6,17	6,82	1434,54
785	01.08.2022 04:00:00	5,14	-0,46	5,98	6,60	1433,82
786	01.08.2022 05:00:00	4,74	-0,52	6,11	6,66	1432,24
787	01.08.2022 06:00:00	4,89	-0,52	6,04	6,62	1432,79
788	01.08.2022 07:00:00	4,85	-0,58	5,82	6,39	1432,34
789	01.08.2022 08:00:00	4,70	-0,64	5,45	5,98	1431,22
790	01.08.2022 09:00:00	4,78	-0,64	4,95	5,48	1430,91
791	01.08.2022 10:00:00	5,07	-0,64	4,59	5,15	1431,71
792	01.08.2022 11:00:00	5,79	-0,64	3,37	3,93	1433,28
793	01.08.2022 12:00:00	5,97	-0,58	2,89	3,42	1433,44
794	01.08.2022 13:00:00	6,53	-0,58	2,68	3,23	1435,59
795	01.08.2022 14:00:00	6,85	-0,52	2,26	2,77	1436,40
796	01.08.2022 15:00:00	7,13	-0,46	2,24	2,77	1437,55
797	01.08.2022 16:00:00	6,88	-0,46	2,25	2,77	1436,54
798	01.08.2022 17:00:00	6,67	-0,46	2,27	2,77	1435,67
799	01.08.2022 18:00:00	6,36	-0,52	2,60	3,13	1434,75
800	01.08.2022 19:00:00	5,93	-0,58	2,85	3,37	1433,23
801	01.08.2022 20:00:00	5,72	-0,58	3,33	3,88	1432,93
802	01.08.2022 21:00:00	5,75	-0,58	3,93	4,53	1433,84
803	01.08.2022 22:00:00	6,00	-0,64	4,09	4,74	1435,12
804	01.08.2022 23:00:00	5,79	-0,58	4,13	4,75	1434,25
805	02.08.2022 00:00:00	5,54	-0,46	4,27	4,88	1433,36
806	02.08.2022 01:00:00	5,39	-0,52	4,17	4,75	1432,60
807	02.08.2022 02:00:00	5,25	-0,52	4,24	4,80	1432,06
808	02.08.2022 03:00:00	5,28	-0,39	4,33	4,90	1432,33
809	02.08.2022 04:00:00	4,89	-0,39	4,47	4,99	1430,76
810	02.08.2022 05:00:00	5,21	-0,46	4,88	5,48	1432,73
811	02.08.2022 06:00:00	4,96	-0,52	5,31	5,88	1432,17
812	02.08.2022 07:00:00	4,85	-0,52	5,77	6,33	1432,28
813	02.08.2022 08:00:00	4,89	-0,58	6,09	6,67	1432,85
814	02.08.2022 09:00:00	4,81	-0,64	6,33	6,90	1432,84
815	02.08.2022 10:00:00	4,85	-0,71	6,48	7,06	1433,20
816	02.08.2022 11:00:00	4,89	-0,64	6,73	7,32	1433,68
817	02.08.2022 12:00:00	4,92	-0,71	6,81	7,41	1433,94
818	02.08.2022 13:00:00	5,21	-0,58	6,92	7,58	1435,35
819	02.08.2022 14:00:00	5,54	-0,58	6,76	7,49	1436,54
820	02.08.2022 15:00:00	5,72	-0,52	6,70	7,46	1437,24
821	02.08.2022 16:00:00	6,14	-0,52	6,76	7,61	1439,15
822	02.08.2022 17:00:00	6,36	-0,58	6,80	7,70	1440,09
823	02.08.2022 18:00:00	6,21	-0,58	6,88	7,75	1439,60
824	02.08.2022 19:00:00	6,99	-0,58	6,54	7,56	1442,43
825	02.08.2022 20:00:00	7,27	-0,64	6,09	7,12	1443,01
826	02.08.2022 21:00:00	7,47	-0,77	5,48	6,49	1443,10
827	02.08.2022 22:00:00	7,89	-0,77	4,04	4,93	1442,99
828	02.08.2022 23:00:00	7,54	-0,71	2,95	3,64	1440,19
829	03.08.2022 00:00:00	7,27	-0,71	2,68	3,30	1438,69
830	03.08.2022 01:00:00	7,06	-0,64	2,24	2,77	1437,26
831	03.08.2022 02:00:00	6,81	-0,58	2,26	2,77	1436,25
832	03.08.2022 03:00:00	5,93	-0,52	2,32	2,77	1432,55
833	03.08.2022 04:00:00	5,64	-0,52	2,35	2,78	1431,35
834	03.08.2022 05:00:00	5,86	-0,52	2,80	3,31	1432,87
835	03.08.2022 06:00:00	5,57	-0,46	3,15	3,66	1432,06
836	03.08.2022 07:00:00	5,50	-0,52	3,72	4,28	1432,49
837	03.08.2022 08:00:00	5,21	-0,46	4,27	4,83	1431,94
838	03.08.2022 09:00:00	5,46	-0,58	4,83	5,46	1433,76
839	03.08.2022 10:00:00	5,68	-0,58	5,26	5,95	1435,24
840	03.08.2022 11:00:00	6,21	-0,58	5,53	6,32	1437,87
841	03.08.2022 12:00:00	6,78	-0,52	5,73	6,64	1440,51
842	03.08.2022 13:00:00	7,44	-0,58	5,92	6,97	1443,51
843	03.08.2022 14:00:00	8,19	-0,52	6,06	7,26	1446,79
844	03.08.2022 15:00:00	8,50	-0,52	6,18	7,46	1448,18
845	03.08.2022 16:00:00	8,87	-0,46	6,28	7,65	1449,80
846	03.08.2022 17:00:00	9,01	-0,46	6,36	7,77	1450,44
847	03.08.2022 18:00:00	9,37	-0,52	6,43	7,92	1451,99
848	03.08.2022 19:00:00	9,17	-0,46	6,50	7,95	1451,28
849	03.08.2022 20:00:00	9,57	-0,52	6,55	8,09	1452,92
850	03.08.2022 21:00:00	10,83	-0,46	6,48	8,28	1457,69
851	03.08.2022 22:00:00	10,60	-0,52	6,41	8,15	1456,73
852	03.08.2022 23:00:00	10,53	-0,52	6,36	8,07	1456,41
853	04.08.2022 00:00:00	10,60	-0,52	6,31	8,03	1456,60
854	04.08.2022 01:00:00	10,53	-0,46	6,27	7,97	1456,30
855	04.08.2022 02:00:00	10,50	-0,39	6,24	7,93	1456,14
856	04.08.2022 03:00:00	10,27	-0,39	6,16	7,79	1455,16
857	04.08.2022 04:00:00	10,14	-0,39	6,12	7,71	1454,59
858	04.08.2022 05:00:00	10,17	-0,39	6,07	7,66	1454,66
859	04.08.2022 06:00:00	9,61	-0,33	6,06	7,53	1452,44
860	04.08.2022 07:00:00	9,61	-0,39	6,07	7,56	1452,47
861	04.08.2022 08:00:00	10,10	-0,46	6,06	7,64	1454,39
862	04.08.2022 09:00:00	10,34	-0,52	6,06	7,68	1455,28
863	04.08.2022 10:00:00	9,81	-0,52	6,07	7,59	1453,24
864	04.08.2022 11:00:00	9,74	-0,52	6,08	7,59	1453,00
865	04.08.2022 12:00:00	9,97	-0,52	6,09	7,65	1453,92
866	04.08.2022 13:00:00	10,76	-0,58	6,12	7,83	1456,99
867	04.08.2022 14:00:00	11,54	-0,46	6,11	7,98	1459,94
868	04.08.2022 15:00:00	12,18	-0,46	6,12	8,12	1462,34
869	04.08.2022 16:00:00	9,91	-0,52	6,22	7,78	1453,81
870	04.08.2022 17:00:00	9,21	-0,52	6,37	7,82	1451,25
871	04.08.2022 18:00:00	9,57	-0,52	6,65	8,21	1453,04
872	04.08.2022 19:00:00	10,01	-0,46	6,76	8,44	1454,87
873	04.08.2022 20:00:00	10,01	-0,46	6,90	8,59	1455,04
874	04.08.2022 21:00:00	9,64	-0,52	7,18	8,84	1453,97
875	04.08.2022 22:00:00	7,78	-0,58	7,44	8,70	1446,85
876	04.08.2022 23:00:00	7,95	-0,58	7,78	9,12	1447,98
877	05.08.2022 00:00:00	7,99	-0,58	8,14	9,50	1448,57
878	05.08.2022 01:00:00	8,16	-0,52	8,34	9,78	1449,52
879	05.08.2022 02:00:00	7,20	-0,58	8,74	9,95	1446,08
880	05.08.2022 03:00:00	6,99	-0,58	8,91	10,07	1445,43
881	05.08.2022 04:00:00	7,06	-0,46	8,99	10,18	1445,83
882	05.08.2022 05:00:00	8,09	-0,39	9,00	10,47	1450,08
883	05.08.2022 06:00:00	8,23	-0,46	8,92	10,41	1450,52
884	05.08.2022 07:00:00	8,74	-0,46	8,72	10,33	1452,31
885	05.08.2022 08:00:00	7,75	-0,46	8,73	10,08	1448,34
886	05.08.2022 09:00:00	6,88	-0,46	9,01	10,15	1445,12
887	05.08.2022 10:00:00	6,57	-0,52	9,18	10,24	1444,02
888	05.08.2022 11:00:00	6,50	-0,52	9,35	10,39	1443,94
889	05.08.2022 12:00:00	6,64	-0,52	9,53	10,62	1444,76
890	05.08.2022 13:00:00	9,71	-0,58	9,05	10,97	1456,54
891	05.08.2022 14:00:00	9,71	-0,52	8,85	10,74	1456,30
892	05.08.2022 15:00:00	8,50	-0,52	8,86	10,43	1451,54
893	05.08.2022 16:00:00	8,33	-0,52	8,84	10,36	1450,84
894	05.08.2022 17:00:00	8,50	-0,52	8,79	10,35	1451,45
895	05.08.2022 18:00:00	8,53	-0,46	8,77	10,33	1451,56
896	05.08.2022 19:00:00	8,84	-0,52	8,70	10,35	1452,69
897	05.08.2022 20:00:00	9,21	-0,46	8,58	10,31	1454,01
898	05.08.2022 21:00:00	9,37	-0,52	8,47	10,23	1454,52
899	05.08.2022 22:00:00	9,54	-0,52	8,39	10,19	1455,08
900	05.08.2022 23:00:00	9,61	-0,52	8,30	10,10	1455,22
901	06.08.2022 00:00:00	9,74	-0,52	8,19	10,01	1455,61
902	06.08.2022 01:00:00	9,94	-0,52	8,13	10,00	1456,31
903	06.08.2022 02:00:00	9,91	-0,46	8,05	9,89	1456,08
904	06.08.2022 03:00:00	9,97	-0,46	7,96	9,81	1456,23
905	06.08.2022 04:00:00	9,97	-0,33	7,85	9,68	1456,09
906	06.08.2022 05:00:00	10,07	-0,33	7,75	9,59	1456,35
907	06.08.2022 06:00:00	10,10	-0,33	7,61	9,44	1456,31
908	06.08.2022 07:00:00	10,10	-0,27	7,48	9,29	1456,15
909	06.08.2022 08:00:00	9,97	-0,27	7,36	9,12	1455,49
910	06.08.2022 09:00:00	10,01	-0,27	7,25	9,00	1455,48
911	06.08.2022 10:00:00	9,97	-0,21	7,15	8,88	1455,23
912	06.08.2022 11:00:00	9,97	-0,14	7,07	8,78	1455,13
913	06.08.2022 12:00:00	9,91	-0,14	7,00	8,68	1454,78
914	06.08.2022 13:00:00	9,77	-0,21	7,00	8,65	1454,26
915	06.08.2022 14:00:00	9,74	-0,27	7,00	8,66	1454,14
916	06.08.2022 15:00:00	9,74	-0,27	7,00	8,65	1454,14
917	06.08.2022 16:00:00	9,77	-0,21	7,00	8,66	1454,26
918	06.08.2022 17:00:00	9,71	-0,27	7,02	8,67	1454,04
919	06.08.2022 18:00:00	9,71	-0,27	7,05	8,71	1454,07
920	06.08.2022 19:00:00	9,57	-0,21	7,07	8,70	1453,58
921	06.08.2022 20:00:00	9,37	-0,27	7,10	8,69	1452,83
922	06.08.2022 21:00:00	9,31	-0,33	7,16	8,73	1452,63
923	06.08.2022 22:00:00	9,01	-0,27	7,20	8,71	1451,49
924	06.08.2022 23:00:00	8,91	-0,27	7,25	8,75	1451,15
925	07.08.2022 00:00:00	8,67	-0,33	7,32	8,77	1450,29
926	07.08.2022 01:00:00	8,53	-0,33	7,37	8,80	1449,81
927	07.08.2022 02:00:00	8,09	-0,39	7,44	8,77	1448,11
928	07.08.2022 03:00:00	7,95	-0,46	7,56	8,87	1447,71
929	07.08.2022 04:00:00	7,27	-0,33	7,74	8,90	1445,10
930	07.08.2022 05:00:00	7,06	-0,39	7,92	9,04	1444,47
931	07.08.2022 06:00:00	6,99	-0,33	8,08	9,20	1444,39
932	07.08.2022 07:00:00	6,71	-0,27	8,25	9,30	1443,43
933	07.08.2022 08:00:00	6,67	-0,27	8,39	9,44	1443,46
934	07.08.2022 09:00:00	6,71	-0,33	8,53	9,59	1443,78
935	07.08.2022 10:00:00	6,74	-0,33	8,60	9,67	1444,01
936	07.08.2022 11:00:00	6,85	-0,33	8,79	9,91	1444,70
937	07.08.2022 12:00:00	7,06	-0,27	8,89	10,07	1445,70
938	07.08.2022 13:00:00	7,51	-0,39	8,99	10,30	1447,68
939	07.08.2022 14:00:00	7,33	-0,39	9,06	10,32	1447,06
940	07.08.2022 15:00:00	7,20	-0,39	9,17	10,39	1446,62
941	07.08.2022 16:00:00	7,40	-0,46	9,27	10,56	1447,61
942	07.08.2022 17:00:00	8,70	-0,46	8,83	10,45	1452,32
943	07.08.2022 18:00:00	9,64	-0,46	7,99	9,76	1454,97
944	07.08.2022 19:00:00	10,01	-0,52	7,21	8,95	1455,43
945	07.08.2022 20:00:00	10,01	-0,46	6,61	8,26	1454,69
946	07.08.2022 21:00:00	9,77	-0,58	5,99	7,49	1453,01
947	07.08.2022 22:00:00	9,31	-0,52	5,62	6,98	1450,72
948	07.08.2022 23:00:00	8,91	-0,58	4,96	6,15	1448,29
949	08.08.2022 00:00:00	8,50	-0,64	4,11	5,10	1445,59
950	08.08.2022 01:00:00	7,92	-0,64	3,35	4,14	1442,26
951	08.08.2022 02:00:00	7,33	-0,71	2,90	3,56	1439,27
952	08.08.2022 03:00:00	7,02	-0,64	2,71	3,32	1437,72
953	08.08.2022 04:00:00	6,88	-0,64	2,26	2,78	1436,55
954	08.08.2022 05:00:00	6,78	-0,64	2,26	2,77	1436,10
955	08.08.2022 06:00:00	6,50	-0,58	2,28	2,78	1434,94
956	08.08.2022 07:00:00	6,36	-0,58	2,29	2,78	1434,35
957	08.08.2022 08:00:00	6,43	-0,58	2,29	2,78	1434,65
958	08.08.2022 09:00:00	6,46	-0,46	2,28	2,78	1434,80
959	08.08.2022 10:00:00	6,32	-0,46	2,30	2,78	1434,20
960	08.08.2022 11:00:00	6,29	-0,46	2,30	2,78	1434,06
961	08.08.2022 12:00:00	6,43	-0,46	2,29	2,78	1434,65
962	08.08.2022 13:00:00	6,46	-0,52	2,28	2,78	1434,79
963	08.08.2022 14:00:00	6,53	-0,52	2,28	2,78	1435,09
964	08.08.2022 15:00:00	6,74	-0,46	2,27	2,78	1435,97
965	08.08.2022 16:00:00	6,85	-0,52	2,26	2,77	1436,40
966	08.08.2022 17:00:00	7,09	-0,52	2,24	2,77	1437,41
967	08.08.2022 18:00:00	7,06	-0,52	2,24	2,77	1437,26
968	08.08.2022 19:00:00	7,33	-0,58	2,22	2,77	1438,41
969	08.08.2022 20:00:00	7,30	-0,52	2,22	2,77	1438,26
970	08.08.2022 21:00:00	7,27	-0,52	2,22	2,77	1438,12
971	08.08.2022 22:00:00	7,16	-0,58	2,23	2,77	1437,69
972	08.08.2022 23:00:00	6,95	-0,64	2,24	2,77	1436,83
973	09.08.2022 00:00:00	6,64	-0,58	2,27	2,77	1435,53
974	09.08.2022 01:00:00	6,32	-0,64	2,29	2,77	1434,20
975	09.08.2022 02:00:00	5,93	-0,77	2,33	2,78	1432,56
976	09.08.2022 03:00:00	5,68	-0,71	2,34	2,78	1431,50
977	09.08.2022 04:00:00	5,36	-0,71	2,37	2,79	1430,12
978	09.08.2022 05:00:00	5,39	-0,71	2,37	2,79	1430,28
979	09.08.2022 06:00:00	5,54	-0,64	2,36	2,79	1430,89
980	09.08.2022 07:00:00	5,28	-0,64	2,37	2,79	1429,81
981	09.08.2022 08:00:00	5,82	-0,64	2,33	2,78	1432,11
982	09.08.2022 09:00:00	5,89	-0,46	2,33	2,78	1432,41
983	09.08.2022 10:00:00	6,11	-0,39	2,31	2,78	1433,31
984	09.08.2022 11:00:00	5,43	-0,39	2,36	2,78	1430,43
985	09.08.2022 12:00:00	5,93	-0,33	2,33	2,78	1432,57
986	09.08.2022 13:00:00	5,86	-0,39	2,33	2,78	1432,26
987	09.08.2022 14:00:00	6,00	-0,39	2,32	2,78	1432,87
988	09.08.2022 15:00:00	6,07	-0,39	2,32	2,78	1433,17
989	09.08.2022 16:00:00	6,11	-0,39	2,31	2,78	1433,31
990	09.08.2022 17:00:00	6,29	-0,39	2,30	2,78	1434,06
991	09.08.2022 18:00:00	6,36	-0,46	2,51	3,03	1434,63
992	09.08.2022 19:00:00	6,36	-0,46	2,77	3,32	1434,96
993	09.08.2022 20:00:00	6,29	-0,46	2,91	3,47	1434,83
994	09.08.2022 21:00:00	6,32	-0,52	3,20	3,79	1435,35
995	09.08.2022 22:00:00	6,36	-0,39	3,61	4,26	1436,03
996	09.08.2022 23:00:00	6,43	-0,46	4,02	4,72	1436,86
997	10.08.2022 00:00:00	6,43	-0,46	4,33	5,06	1437,26
998	10.08.2022 01:00:00	6,39	-0,39	4,58	5,32	1437,41
999	10.08.2022 02:00:00	6,39	-0,46	4,76	5,52	1437,65
1000	10.08.2022 03:00:00	6,36	-0,46	4,93	5,70	1437,71
1001	10.08.2022 04:00:00	6,29	-0,46	5,12	5,90	1437,66
1002	10.08.2022 05:00:00	6,21	-0,46	5,22	6,00	1437,49
1003	10.08.2022 06:00:00	6,18	-0,46	5,31	6,09	1437,45
1004	10.08.2022 07:00:00	6,18	-0,33	5,36	6,14	1437,51
1005	10.08.2022 08:00:00	6,14	-0,39	5,39	6,16	1437,40
1006	10.08.2022 09:00:00	6,21	-0,27	5,41	6,20	1437,73
1007	10.08.2022 10:00:00	6,29	-0,21	5,44	6,24	1438,06
1008	10.08.2022 11:00:00	6,32	-0,21	5,48	6,29	1438,27
1009	10.08.2022 12:00:00	6,43	-0,27	5,52	6,35	1438,77
1010	10.08.2022 13:00:00	6,57	-0,14	5,56	6,42	1439,42
1011	10.08.2022 14:00:00	6,78	-0,21	5,61	6,50	1440,36
1012	10.08.2022 15:00:00	6,95	-0,27	5,65	6,59	1441,16
1013	10.08.2022 16:00:00	7,13	-0,21	5,70	6,67	1441,95
1014	10.08.2022 17:00:00	7,20	-0,39	5,75	6,73	1442,29
1015	10.08.2022 18:00:00	7,33	-0,39	5,78	6,79	1442,91
1016	10.08.2022 19:00:00	7,33	-0,52	5,81	6,83	1442,95
1017	10.08.2022 20:00:00	7,40	-0,52	5,85	6,88	1443,28
1018	10.08.2022 21:00:00	7,44	-0,52	5,87	6,91	1443,45
1019	10.08.2022 22:00:00	7,40	-0,46	5,90	6,94	1443,35
1020	10.08.2022 23:00:00	7,40	-0,52	5,93	6,98	1443,39
1021	11.08.2022 00:00:00	7,40	-0,46	5,97	7,02	1443,44
1022	11.08.2022 01:00:00	7,40	-0,27	6,01	7,06	1443,49
1023	11.08.2022 02:00:00	7,47	-0,33	6,04	7,10	1443,81
1024	11.08.2022 03:00:00	7,54	-0,46	6,08	7,16	1444,15
1025	11.08.2022 04:00:00	7,47	-0,39	6,12	7,19	1443,91
1026	11.08.2022 05:00:00	7,47	-0,33	6,16	7,24	1443,97
1027	11.08.2022 06:00:00	7,47	-0,46	6,20	7,28	1444,01
1028	11.08.2022 07:00:00	7,51	-0,39	6,24	7,33	1444,20
1029	11.08.2022 08:00:00	7,51	-0,46	6,28	7,38	1444,26
1030	11.08.2022 09:00:00	7,58	-0,39	6,33	7,44	1444,60
1031	11.08.2022 10:00:00	7,58	-0,33	6,37	7,49	1444,66
1032	11.08.2022 11:00:00	7,68	-0,27	6,43	7,57	1445,16
1033	11.08.2022 12:00:00	7,85	-0,21	6,47	7,65	1445,91
1034	11.08.2022 13:00:00	7,95	-0,21	6,51	7,72	1446,39
1035	11.08.2022 14:00:00	8,06	-0,02	6,55	7,79	1446,86
1036	11.08.2022 15:00:00	8,09	-0,14	6,59	7,83	1447,05
1037	11.08.2022 16:00:00	8,19	-0,02	6,62	7,89	1447,50
1038	11.08.2022 17:00:00	8,53	-0,21	6,63	7,97	1448,89
1039	11.08.2022 18:00:00	8,60	-0,27	6,66	8,03	1449,20
1040	11.08.2022 19:00:00	7,85	-0,27	6,76	7,97	1446,28
1041	11.08.2022 20:00:00	8,36	-0,33	6,77	8,09	1448,38
1042	11.08.2022 21:00:00	8,30	-0,33	6,78	8,09	1448,11
1043	11.08.2022 22:00:00	8,53	-0,33	6,80	8,16	1449,09
1044	11.08.2022 23:00:00	8,16	-0,27	6,80	8,08	1447,59
1045	12.08.2022 00:00:00	7,82	-0,21	6,83	8,05	1446,24
1046	12.08.2022 01:00:00	7,82	-0,27	6,88	8,09	1446,29
1047	12.08.2022 02:00:00	8,02	-0,33	6,91	8,18	1447,17
1048	12.08.2022 03:00:00	7,99	-0,39	6,94	8,20	1447,07
1049	12.08.2022 04:00:00	7,92	-0,46	6,97	8,22	1446,82
1050	12.08.2022 05:00:00	7,89	-0,52	6,99	8,23	1446,70
1051	12.08.2022 06:00:00	7,65	-0,52	7,01	8,21	1445,75
1052	12.08.2022 07:00:00	7,61	-0,58	7,05	8,23	1445,65
1053	12.08.2022 08:00:00	7,71	-0,58	7,08	8,29	1446,12
1054	12.08.2022 09:00:00	7,89	-0,58	7,11	8,37	1446,86
1055	12.08.2022 10:00:00	8,13	-0,52	7,14	8,45	1447,87
1056	12.08.2022 11:00:00	8,43	-0,46	7,17	8,56	1449,15
1057	12.08.2022 12:00:00	8,60	-0,33	7,20	8,63	1449,87
1058	12.08.2022 13:00:00	8,87	-0,39	7,24	8,72	1450,99
1059	12.08.2022 14:00:00	9,07	-0,27	7,27	8,81	1451,84
1060	12.08.2022 15:00:00	9,54	-0,33	7,26	8,90	1453,68
1061	12.08.2022 16:00:00	9,84	-0,46	7,26	8,97	1454,85
1062	12.08.2022 17:00:00	9,94	-0,33	7,26	8,99	1455,23
1063	12.08.2022 18:00:00	10,07	-0,39	7,27	9,04	1455,76
1064	12.08.2022 19:00:00	9,77	-0,46	7,28	8,98	1454,61
1065	12.08.2022 20:00:00	9,81	-0,46	7,29	9,00	1454,75
1066	12.08.2022 21:00:00	9,71	-0,39	7,33	9,02	1454,41
1067	12.08.2022 22:00:00	9,67	-0,39	7,35	9,03	1454,31
1068	12.08.2022 23:00:00	9,61	-0,33	7,37	9,05	1454,08
1069	13.08.2022 00:00:00	9,67	-0,21	7,41	9,11	1454,39
1070	13.08.2022 01:00:00	9,71	-0,33	7,43	9,14	1454,54
1071	13.08.2022 02:00:00	9,57	-0,27	7,45	9,13	1454,04
1072	13.08.2022 03:00:00	9,61	-0,27	7,46	9,15	1454,19
1073	13.08.2022 04:00:00	9,57	-0,27	7,49	9,18	1454,10
1074	13.08.2022 05:00:00	9,41	-0,33	7,49	9,13	1453,44
1075	13.08.2022 06:00:00	9,24	-0,39	7,49	9,10	1452,78
1076	13.08.2022 07:00:00	8,84	-0,39	7,49	9,00	1451,18
1077	13.08.2022 08:00:00	8,80	-0,46	7,50	9,00	1451,05
1078	13.08.2022 09:00:00	8,64	-0,46	7,69	9,18	1450,62
1079	13.08.2022 10:00:00	8,64	-0,46	7,72	9,21	1450,66
1080	13.08.2022 11:00:00	8,50	-0,33	7,75	9,21	1450,15
1081	13.08.2022 12:00:00	8,47	-0,33	7,79	9,24	1450,06
1082	13.08.2022 13:00:00	8,53	-0,33	7,83	9,30	1450,38
1083	13.08.2022 14:00:00	8,53	-0,27	7,86	9,34	1450,42
1084	13.08.2022 15:00:00	8,60	-0,21	7,87	9,37	1450,72
1085	13.08.2022 16:00:00	8,53	-0,27	7,89	9,37	1450,46
1086	13.08.2022 17:00:00	8,57	-0,27	7,91	9,40	1450,62
1087	13.08.2022 18:00:00	8,67	-0,33	7,92	9,43	1451,04
1088	13.08.2022 19:00:00	8,67	-0,39	7,91	9,42	1451,02
1089	13.08.2022 20:00:00	8,57	-0,39	7,90	9,39	1450,61
1090	13.08.2022 21:00:00	8,47	-0,46	7,97	9,45	1450,29
1091	13.08.2022 22:00:00	8,36	-0,33	7,96	9,41	1449,87
1092	13.08.2022 23:00:00	8,26	-0,46	7,94	9,35	1449,42
1093	14.08.2022 00:00:00	8,30	-0,39	8,01	9,44	1449,65
1094	14.08.2022 01:00:00	8,64	-0,33	7,80	9,30	1450,76
1095	14.08.2022 02:00:00	8,50	-0,33	7,58	9,02	1449,94
1096	14.08.2022 03:00:00	8,19	-0,33	7,39	8,74	1448,47
1097	14.08.2022 04:00:00	8,02	-0,39	7,21	8,50	1447,54
1098	14.08.2022 05:00:00	7,89	-0,39	6,76	7,98	1446,41
1099	14.08.2022 06:00:00	7,75	-0,52	6,22	7,36	1445,17
1100	14.08.2022 07:00:00	7,47	-0,58	5,66	6,69	1443,33
1101	14.08.2022 08:00:00	6,88	-0,64	4,93	5,78	1439,94
1102	14.08.2022 09:00:00	6,50	-0,71	3,64	4,31	1436,67
1103	14.08.2022 10:00:00	6,50	-0,71	2,84	3,42	1435,65
1104	14.08.2022 11:00:00	6,39	-0,64	2,54	3,07	1434,82
1105	14.08.2022 12:00:00	6,29	-0,58	2,30	2,78	1434,05
1106	14.08.2022 13:00:00	6,11	-0,46	2,31	2,78	1433,31
1107	14.08.2022 14:00:00	6,18	-0,46	2,31	2,78	1433,61
1108	14.08.2022 15:00:00	6,11	-0,39	2,31	2,78	1433,31
1109	14.08.2022 16:00:00	6,07	-0,46	2,31	2,78	1433,16
1110	14.08.2022 17:00:00	5,82	-0,46	2,33	2,78	1432,11
1111	14.08.2022 18:00:00	5,46	-0,64	2,36	2,79	1430,59
1112	14.08.2022 19:00:00	5,43	-0,64	2,36	2,79	1430,43
1113	14.08.2022 20:00:00	5,61	-0,52	2,35	2,79	1431,20
1114	14.08.2022 21:00:00	5,54	-0,58	2,36	2,79	1430,89
1115	14.08.2022 22:00:00	5,39	-0,71	2,37	2,79	1430,28
1116	14.08.2022 23:00:00	5,28	-0,71	2,38	2,79	1429,81
1117	15.08.2022 00:00:00	5,18	-0,58	2,38	2,79	1429,35
1118	15.08.2022 01:00:00	5,14	-0,52	2,39	2,79	1429,20
1119	15.08.2022 02:00:00	5,03	-0,46	2,40	2,79	1428,73
1120	15.08.2022 03:00:00	5,07	-0,39	2,39	2,79	1428,89
1121	15.08.2022 04:00:00	5,86	-0,46	2,33	2,78	1432,26
1122	15.08.2022 05:00:00	6,25	-0,46	2,30	2,78	1433,91
1123	15.08.2022 06:00:00	6,11	-0,58	2,31	2,78	1433,31
1124	15.08.2022 07:00:00	5,79	-0,71	2,77	3,27	1432,52
1125	15.08.2022 08:00:00	5,79	-0,64	2,90	3,41	1432,67
1126	15.08.2022 09:00:00	5,46	-0,77	3,03	3,52	1431,44
1127	15.08.2022 10:00:00	5,50	-0,77	3,19	3,70	1431,80
1128	15.08.2022 11:00:00	5,61	-0,77	3,28	3,81	1432,39
1129	15.08.2022 12:00:00	5,10	-0,71	2,59	3,01	1429,30
1130	15.08.2022 13:00:00	4,85	-0,71	2,41	2,79	1427,94
1131	15.08.2022 14:00:00	5,54	-0,58	2,36	2,79	1430,89
1132	15.08.2022 15:00:00	6,29	-0,58	2,31	2,79	1434,06
1133	15.08.2022 16:00:00	6,36	-0,58	2,29	2,78	1434,35
1134	15.08.2022 17:00:00	7,82	-0,58	2,97	3,69	1441,36
1135	15.08.2022 18:00:00	7,33	-0,64	4,08	4,91	1440,76
1136	15.08.2022 19:00:00	7,20	-0,71	4,48	5,34	1440,68
1137	15.08.2022 20:00:00	7,13	-0,71	4,86	5,75	1440,87
1138	15.08.2022 21:00:00	7,30	-0,71	4,83	5,74	1441,56
1139	15.08.2022 22:00:00	7,54	-0,71	5,51	6,53	1443,42
1140	15.08.2022 23:00:00	7,09	-0,64	5,32	6,25	1441,31
1141	16.08.2022 00:00:00	7,75	-0,71	5,64	6,72	1444,44
1142	16.08.2022 01:00:00	7,71	-0,52	6,12	7,24	1444,91
1143	16.08.2022 02:00:00	6,99	-0,58	6,26	7,25	1442,06
1144	16.08.2022 03:00:00	7,06	-0,46	6,36	7,37	1442,48
1145	16.08.2022 04:00:00	6,99	-0,52	6,30	7,30	1442,12
1146	16.08.2022 05:00:00	5,93	-0,52	6,06	6,84	1437,34
1147	16.08.2022 06:00:00	6,04	-0,52	5,83	6,61	1437,51
1148	16.08.2022 07:00:00	5,50	-0,58	5,67	6,35	1434,99
1149	16.08.2022 08:00:00	5,61	-0,64	5,42	6,10	1435,14
1150	16.08.2022 09:00:00	5,64	-0,64	5,20	5,88	1435,01
1151	16.08.2022 10:00:00	5,86	-0,77	5,14	5,85	1435,85
1152	16.08.2022 11:00:00	5,97	-0,77	5,07	5,79	1436,22
1153	16.08.2022 12:00:00	6,14	-0,64	5,14	5,90	1437,08
1154	16.08.2022 13:00:00	6,50	-0,64	5,21	6,03	1438,67
1155	16.08.2022 14:00:00	6,95	-0,64	5,18	6,07	1440,55
1156	16.08.2022 15:00:00	7,16	-0,58	5,15	6,07	1441,38
1157	16.08.2022 16:00:00	7,40	-0,64	4,94	5,88	1442,13
1158	16.08.2022 17:00:00	7,61	-0,64	5,31	6,33	1443,46
1159	16.08.2022 18:00:00	7,82	-0,64	5,26	6,31	1444,25
1160	16.08.2022 19:00:00	7,85	-0,71	5,32	6,37	1444,45
1161	16.08.2022 20:00:00	8,19	-0,77	4,19	5,15	1444,44
1162	16.08.2022 21:00:00	7,95	-0,77	2,86	3,57	1441,78
1163	16.08.2022 22:00:00	7,75	-0,77	2,64	3,29	1440,65
1164	16.08.2022 23:00:00	7,54	-0,77	2,20	2,76	1439,24
1165	17.08.2022 00:00:00	7,37	-0,71	2,22	2,77	1438,54
1166	17.08.2022 01:00:00	7,16	-0,71	2,23	2,77	1437,69
1167	17.08.2022 02:00:00	6,95	-0,71	2,25	2,77	1436,83
1168	17.08.2022 03:00:00	6,53	-0,58	2,27	2,77	1435,08
1169	17.08.2022 04:00:00	6,64	-0,52	2,27	2,77	1435,53
1170	17.08.2022 05:00:00	6,39	-0,58	2,29	2,77	1434,49
1171	17.08.2022 06:00:00	6,14	-0,58	2,31	2,78	1433,46
1172	17.08.2022 07:00:00	5,75	-0,64	2,34	2,78	1431,80
1173	17.08.2022 08:00:00	5,46	-0,71	2,36	2,78	1430,58
1174	17.08.2022 09:00:00	5,46	-0,77	2,36	2,79	1430,58
1175	17.08.2022 10:00:00	5,28	-0,71	2,38	2,79	1429,82
1176	17.08.2022 11:00:00	5,25	-0,83	2,38	2,79	1429,66
1177	17.08.2022 12:00:00	5,46	-0,83	2,36	2,79	1430,58
1178	17.08.2022 13:00:00	5,72	-0,77	2,34	2,79	1431,66
1179	17.08.2022 14:00:00	5,89	-0,64	2,33	2,78	1432,41
1180	17.08.2022 15:00:00	6,07	-0,64	2,32	2,78	1433,16
1181	17.08.2022 16:00:00	6,25	-0,71	2,30	2,78	1433,90
1182	17.08.2022 17:00:00	6,29	-0,64	2,30	2,78	1434,05
1183	17.08.2022 18:00:00	6,32	-0,71	2,30	2,78	1434,20
1184	17.08.2022 19:00:00	6,36	-0,71	2,29	2,78	1434,35
1185	17.08.2022 20:00:00	6,32	-0,77	2,30	2,78	1434,20
1186	17.08.2022 21:00:00	6,21	-0,83	2,30	2,78	1433,75
1187	17.08.2022 22:00:00	6,11	-0,89	2,31	2,78	1433,31
1188	17.08.2022 23:00:00	6,04	-0,89	2,32	2,78	1433,01
1189	18.08.2022 00:00:00	5,89	-0,77	2,33	2,78	1432,41
1190	18.08.2022 01:00:00	5,89	-0,89	2,33	2,78	1432,41
1191	18.08.2022 02:00:00	5,79	-0,83	2,34	2,78	1431,95
1192	18.08.2022 03:00:00	5,72	-0,77	2,34	2,78	1431,65
1193	18.08.2022 04:00:00	5,64	-0,58	2,35	2,78	1431,35
1194	18.08.2022 05:00:00	5,46	-0,71	2,36	2,78	1430,58
1195	18.08.2022 06:00:00	4,96	-0,64	2,40	2,79	1428,42
1196	18.08.2022 07:00:00	5,25	-0,64	2,38	2,79	1429,67
1197	18.08.2022 08:00:00	5,25	-0,77	2,38	2,79	1429,66
1198	18.08.2022 09:00:00	5,25	-0,71	2,38	2,79	1429,66
1199	18.08.2022 10:00:00	5,36	-0,83	2,37	2,79	1430,12
1200	18.08.2022 11:00:00	5,50	-0,89	2,36	2,79	1430,74
1201	18.08.2022 12:00:00	5,72	-0,83	2,34	2,78	1431,65
1202	18.08.2022 13:00:00	5,93	-0,83	2,33	2,78	1432,56
1203	18.08.2022 14:00:00	6,21	-0,77	2,30	2,78	1433,75
1204	18.08.2022 15:00:00	6,67	-0,77	2,27	2,78	1435,67
1205	18.08.2022 16:00:00	6,78	-0,83	2,26	2,77	1436,10
1206	18.08.2022 17:00:00	6,60	-0,77	2,27	2,77	1435,37
1207	18.08.2022 18:00:00	6,39	-0,77	2,29	2,78	1434,50
1208	18.08.2022 19:00:00	6,36	-0,83	2,29	2,78	1434,35
1209	18.08.2022 20:00:00	6,36	-0,89	2,29	2,78	1434,35
1210	18.08.2022 21:00:00	6,57	-0,83	2,28	2,78	1435,23
1211	18.08.2022 22:00:00	6,64	-0,83	2,27	2,77	1435,52
1212	18.08.2022 23:00:00	6,60	-0,83	2,27	2,77	1435,37
1213	19.08.2022 00:00:00	6,46	-0,89	2,28	2,78	1434,79
1214	19.08.2022 01:00:00	6,60	-0,89	2,28	2,78	1435,38
1215	19.08.2022 02:00:00	6,50	-0,77	2,28	2,78	1434,94
1216	19.08.2022 03:00:00	6,43	-0,77	2,29	2,78	1434,64
1217	19.08.2022 04:00:00	6,29	-0,71	2,30	2,78	1434,05
1218	19.08.2022 05:00:00	6,18	-0,71	2,30	2,78	1433,61
1219	19.08.2022 06:00:00	6,00	-0,71	2,32	2,78	1432,86
1220	19.08.2022 07:00:00	5,93	-0,64	2,32	2,78	1432,56
1221	19.08.2022 08:00:00	5,93	-0,64	2,33	2,78	1432,56
1222	19.08.2022 09:00:00	5,97	-0,64	2,32	2,78	1432,71
1223	19.08.2022 10:00:00	6,00	-0,64	2,32	2,78	1432,86
1224	19.08.2022 11:00:00	6,11	-0,64	2,31	2,78	1433,31
1225	19.08.2022 12:00:00	6,36	-0,71	2,29	2,78	1434,35
1226	19.08.2022 13:00:00	6,64	-0,71	2,27	2,78	1435,53
1227	19.08.2022 14:00:00	6,81	-0,71	2,26	2,77	1436,25
1228	19.08.2022 15:00:00	6,95	-0,58	2,25	2,77	1436,83
1229	19.08.2022 16:00:00	7,27	-0,52	2,22	2,77	1438,12
1230	19.08.2022 17:00:00	7,51	-0,58	2,27	2,84	1439,19
1231	19.08.2022 18:00:00	7,71	-0,58	2,79	3,47	1440,71
1232	19.08.2022 19:00:00	7,89	-0,58	2,70	3,38	1441,31
1233	19.08.2022 20:00:00	7,78	-0,58	3,25	4,02	1441,58
1234	19.08.2022 21:00:00	7,68	-0,64	4,12	5,00	1442,24
1235	19.08.2022 22:00:00	7,54	-0,64	4,39	5,29	1442,01
1236	19.08.2022 23:00:00	7,37	-0,64	4,67	5,58	1441,65
1237	20.08.2022 00:00:00	7,27	-0,58	4,62	5,50	1441,15
1238	20.08.2022 01:00:00	7,40	-0,64	4,52	5,41	1441,60
1239	20.08.2022 02:00:00	7,27	-0,58	5,02	5,95	1441,66
1240	20.08.2022 03:00:00	7,09	-0,58	4,28	5,09	1439,99
1241	20.08.2022 04:00:00	6,92	-0,58	3,94	4,70	1438,84
1242	20.08.2022 05:00:00	6,85	-0,52	3,42	4,10	1437,88
1243	20.08.2022 06:00:00	6,78	-0,46	3,81	4,53	1438,08
1244	20.08.2022 07:00:00	6,57	-0,52	3,85	4,55	1437,24
1245	20.08.2022 08:00:00	6,18	-0,46	2,76	3,29	1434,19
1246	20.08.2022 09:00:00	5,97	-0,52	2,32	2,78	1432,71
1247	20.08.2022 10:00:00	5,89	-0,46	2,33	2,78	1432,41
1248	20.08.2022 11:00:00	5,75	-0,58	2,34	2,78	1431,81
1249	20.08.2022 12:00:00	5,64	-0,52	2,35	2,78	1431,35
1250	20.08.2022 13:00:00	5,54	-0,52	2,36	2,78	1430,89
1251	20.08.2022 14:00:00	5,68	-0,52	2,34	2,78	1431,50
1252	20.08.2022 15:00:00	5,93	-0,64	2,33	2,78	1432,56
1253	20.08.2022 16:00:00	5,97	-0,58	2,32	2,78	1432,71
1254	20.08.2022 17:00:00	6,11	-0,58	2,31	2,78	1433,31
1255	20.08.2022 18:00:00	6,07	-0,52	2,31	2,78	1433,16
1256	20.08.2022 19:00:00	6,07	-0,58	2,31	2,78	1433,16
1257	20.08.2022 20:00:00	6,00	-0,58	2,32	2,78	1432,86
1258	20.08.2022 21:00:00	5,89	-0,58	2,33	2,78	1432,41
1259	20.08.2022 22:00:00	5,75	-0,64	2,34	2,78	1431,81
1260	20.08.2022 23:00:00	5,57	-0,71	2,35	2,78	1431,04
1261	21.08.2022 00:00:00	5,25	-0,71	2,38	2,79	1429,66
1262	21.08.2022 01:00:00	5,00	-0,77	2,40	2,79	1428,57
1263	21.08.2022 02:00:00	4,70	-0,77	2,42	2,79	1427,31
1264	21.08.2022 03:00:00	4,52	-0,64	2,44	2,79	1426,52
1265	21.08.2022 04:00:00	4,41	-0,58	2,45	2,80	1426,04
1266	21.08.2022 05:00:00	4,26	-0,58	2,46	2,80	1425,39
1267	21.08.2022 06:00:00	4,12	-0,64	2,47	2,80	1424,75
1268	21.08.2022 07:00:00	3,89	-0,52	2,49	2,80	1423,76
1269	21.08.2022 08:00:00	3,67	-0,52	2,51	2,80	1422,78
1270	21.08.2022 09:00:00	3,71	-0,58	2,51	2,80	1422,94
1271	21.08.2022 10:00:00	3,78	-0,52	2,50	2,80	1423,27
1272	21.08.2022 11:00:00	3,78	-0,52	2,50	2,80	1423,27
1273	21.08.2022 12:00:00	3,93	-0,52	2,49	2,80	1423,93
1274	21.08.2022 13:00:00	4,00	-0,58	2,48	2,80	1424,26
1275	21.08.2022 14:00:00	4,19	-0,71	2,46	2,80	1425,07
1276	21.08.2022 15:00:00	4,59	-0,58	2,44	2,80	1426,84
1277	21.08.2022 16:00:00	4,92	-0,58	2,41	2,79	1428,26
1278	21.08.2022 17:00:00	5,10	-0,58	2,39	2,79	1429,04
1279	21.08.2022 18:00:00	5,10	-0,64	2,39	2,79	1429,04
1280	21.08.2022 19:00:00	5,07	-0,52	2,39	2,79	1428,89
1281	21.08.2022 20:00:00	4,89	-0,64	2,41	2,79	1428,10
1282	21.08.2022 21:00:00	4,63	-0,58	2,43	2,79	1426,99
1283	21.08.2022 22:00:00	4,37	-0,64	2,45	2,80	1425,88
1284	21.08.2022 23:00:00	4,12	-0,64	2,47	2,80	1424,74
1285	22.08.2022 00:00:00	3,78	-0,71	2,50	2,80	1423,27
1286	22.08.2022 01:00:00	3,33	-0,64	2,53	2,80	1421,26
1287	22.08.2022 02:00:00	2,61	-0,64	2,60	2,81	1418,03
1288	22.08.2022 03:00:00	2,46	-0,71	2,61	2,81	1417,33
1289	22.08.2022 04:00:00	2,15	-0,64	2,64	2,81	1415,92
1290	22.08.2022 05:00:00	1,99	-0,58	2,65	2,81	1415,21
1291	22.08.2022 06:00:00	2,03	-0,64	2,65	2,81	1415,39
1292	22.08.2022 07:00:00	2,34	-0,64	2,62	2,81	1416,81
1293	22.08.2022 08:00:00	2,53	-0,64	2,61	2,81	1417,68
1294	22.08.2022 09:00:00	2,73	-0,64	2,59	2,81	1418,55
1295	22.08.2022 10:00:00	2,84	-0,64	2,58	2,81	1419,06
1296	22.08.2022 11:00:00	2,95	-0,64	2,57	2,81	1419,58
1297	22.08.2022 12:00:00	3,37	-0,64	2,53	2,80	1421,44
1298	22.08.2022 13:00:00	3,56	-0,71	2,52	2,80	1422,28
1299	22.08.2022 14:00:00	3,78	-0,71	2,50	2,80	1423,27
1300	22.08.2022 15:00:00	3,74	-0,77	2,50	2,80	1423,10
1301	22.08.2022 16:00:00	4,00	-0,77	2,48	2,80	1424,25
1302	22.08.2022 17:00:00	3,97	-0,77	2,48	2,80	1424,09
1303	22.08.2022 18:00:00	3,52	-0,77	2,52	2,80	1422,11
1304	22.08.2022 19:00:00	3,48	-0,77	2,52	2,80	1421,94
1305	22.08.2022 20:00:00	3,44	-0,71	2,53	2,80	1421,78
1306	22.08.2022 21:00:00	3,56	-0,77	2,52	2,80	1422,28
1307	22.08.2022 22:00:00	3,82	-0,77	2,50	2,80	1423,43
1308	22.08.2022 23:00:00	3,63	-0,83	2,51	2,80	1422,60
1309	23.08.2022 00:00:00	3,59	-0,77	2,51	2,80	1422,44
1310	23.08.2022 01:00:00	3,41	-0,71	2,53	2,80	1421,61
1311	23.08.2022 02:00:00	3,18	-0,83	2,55	2,81	1420,59
1312	23.08.2022 03:00:00	2,95	-0,77	2,57	2,81	1419,57
1313	23.08.2022 04:00:00	2,53	-0,77	2,61	2,81	1417,68
1314	23.08.2022 05:00:00	2,34	-0,77	2,62	2,81	1416,80
1315	23.08.2022 06:00:00	2,26	-0,77	2,63	2,81	1416,45
1316	23.08.2022 07:00:00	2,34	-0,77	2,62	2,81	1416,80
1317	23.08.2022 08:00:00	2,73	-0,77	2,59	2,81	1418,54
1318	23.08.2022 09:00:00	3,33	-0,71	2,54	2,81	1421,28
1319	23.08.2022 10:00:00	3,74	-0,77	2,50	2,80	1423,10
1320	23.08.2022 11:00:00	3,67	-0,77	2,51	2,80	1422,77
1321	23.08.2022 12:00:00	4,00	-0,71	2,48	2,80	1424,26
1322	23.08.2022 13:00:00	4,26	-0,71	2,46	2,80	1425,40
1323	23.08.2022 14:00:00	4,63	-0,71	2,43	2,79	1426,99
1324	23.08.2022 15:00:00	4,96	-0,71	2,41	2,79	1428,42
1325	23.08.2022 16:00:00	5,36	-0,77	2,37	2,79	1430,12
1326	23.08.2022 17:00:00	5,54	-0,64	2,36	2,79	1430,90
1327	23.08.2022 18:00:00	5,57	-0,64	2,35	2,79	1431,05
1328	23.08.2022 19:00:00	6,04	-0,71	2,32	2,79	1433,02
1329	23.08.2022 20:00:00	5,82	-0,64	2,33	2,78	1432,11
1330	23.08.2022 21:00:00	5,86	-0,58	2,33	2,78	1432,26
1331	23.08.2022 22:00:00	5,93	-0,58	2,33	2,78	1432,56
1332	23.08.2022 23:00:00	5,89	-0,64	2,33	2,78	1432,41
1333	24.08.2022 00:00:00	6,11	-0,58	2,31	2,78	1433,31
1334	24.08.2022 01:00:00	6,36	-0,64	2,30	2,78	1434,35
1335	24.08.2022 02:00:00	6,14	-0,64	2,31	2,78	1433,46
1336	24.08.2022 03:00:00	6,21	-0,71	2,30	2,78	1433,76
1337	24.08.2022 04:00:00	6,18	-0,64	2,31	2,78	1433,61
1338	24.08.2022 05:00:00	5,54	-0,64	2,35	2,78	1430,88
1339	24.08.2022 06:00:00	5,10	-0,71	2,39	2,79	1429,04
1340	24.08.2022 07:00:00	5,18	-0,64	2,39	2,79	1429,35
1341	24.08.2022 08:00:00	5,18	-0,64	2,38	2,79	1429,35
1342	24.08.2022 09:00:00	6,32	-0,95	2,31	2,79	1434,21
1343	24.08.2022 10:00:00	16,57	-0,95	1,64	2,61	1472,48
1344	24.08.2022 11:00:00	21,25	-0,95	1,47	2,63	1487,21
1345	24.08.2022 12:00:00	22,13	-0,89	1,37	2,49	1489,71
1346	24.08.2022 13:00:00	20,93	-1,52	1,40	2,49	1486,14
