#B	Created:	24.08.2022 14:15:54
##	Version	SeaStar	9.05
#5	Field separation:	0
#2	Date & Time:	1
#6	Decimal point:	,
#7	Date def.:	dd.mm.yyyy	.
#8	Time def.:	:
##	Axis	0	Temperature(°C)	clRed	FALSE
##	Axis	1	Depth(m)	clBlue	TRUE
##	Axis	2	Salinity(psu)	clGreen	FALSE
##	Axis	3	Conductivity(mS/cm)	$00FF80FF	FALSE
##	Axis	4	Sound Velocity(m/sec)	$00404080	FALSE
##	Series	0	Temp(°C)	clRed	0	Temp(°C)	2
##	Series	1	Depth(m)	clBlue	1	Depth(m)	2
##	Series	2	Salinity(psu)	clGreen	2	Salinity(psu)	2
##	Series	3	Conduct(mS/cm)	$00FF80FF	3	Conduct(mS/cm)	2
##	Series	4	Sound Velocity(m/sec)	$00404080	4	Velocity(m/sec)	2
##	Recorder	7	DST CTD	9976
##	Chart	7S9976DAT	
#D	Data:	744	24.07.2022 15:00:00	24.08.2022 14:00:00
1	24.07.2022 15:00:00	9,27	-2,97	2,01	2,65	1446,03
2	24.07.2022 16:00:00	9,34	-2,97	2,01	2,65	1446,29
3	24.07.2022 17:00:00	7,65	-2,97	10,37	11,79	1449,96
4	24.07.2022 18:00:00	8,77	-2,91	6,34	7,70	1449,43
5	24.07.2022 19:00:00	9,17	-2,97	3,08	3,96	1446,96
6	24.07.2022 20:00:00	8,16	-3,03	9,08	10,57	1450,42
7	24.07.2022 21:00:00	8,30	-2,97	9,30	10,85	1451,23
8	24.07.2022 22:00:00	7,75	-2,91	9,93	11,37	1449,83
9	24.07.2022 23:00:00	7,75	-3,03	10,11	11,56	1450,06
10	25.07.2022 00:00:00	7,27	-3,03	10,57	11,89	1448,68
11	25.07.2022 01:00:00	6,89	-3,03	11,04	12,25	1447,70
12	25.07.2022 02:00:00	6,16	-2,97	12,70	13,66	1446,74
13	25.07.2022 03:00:00	6,47	-3,10	8,13	9,12	1442,25
14	25.07.2022 04:00:00	4,90	-3,10	9,48	10,07	1437,26
15	25.07.2022 05:00:00	4,76	-3,03	8,96	9,52	1435,96
16	25.07.2022 06:00:00	4,61	-3,10	8,46	8,99	1434,67
17	25.07.2022 07:00:00	5,01	-3,03	7,98	8,61	1435,80
18	25.07.2022 08:00:00	5,77	-3,10	7,58	8,39	1438,55
19	25.07.2022 09:00:00	6,05	-3,03	7,23	8,09	1439,31
20	25.07.2022 10:00:00	6,09	-3,10	9,14	10,06	1441,90
21	25.07.2022 11:00:00	6,12	-3,10	9,66	10,60	1442,71
22	25.07.2022 12:00:00	6,19	-2,97	10,75	11,73	1444,40
23	25.07.2022 13:00:00	6,26	-2,97	12,47	13,48	1446,89
24	25.07.2022 14:00:00	6,40	-3,03	12,38	13,43	1447,36
25	25.07.2022 15:00:00	6,44	-3,03	12,73	13,80	1447,96
26	25.07.2022 16:00:00	6,58	-3,03	12,91	14,03	1448,77
27	25.07.2022 17:00:00	6,61	-3,10	10,50	11,60	1445,85
28	25.07.2022 18:00:00	6,58	-3,10	9,02	10,07	1443,82
29	25.07.2022 19:00:00	6,16	-3,10	9,07	10,01	1442,11
30	25.07.2022 20:00:00	5,87	-3,10	8,79	9,65	1440,54
31	25.07.2022 21:00:00	5,69	-3,10	9,46	10,27	1440,64
32	25.07.2022 22:00:00	5,62	-3,16	8,81	9,60	1439,50
33	25.07.2022 23:00:00	6,23	-3,16	3,30	3,90	1435,04
34	26.07.2022 00:00:00	6,23	-3,16	2,23	2,69	1433,67
35	26.07.2022 01:00:00	6,96	-3,29	2,17	2,68	1436,73
36	26.07.2022 02:00:00	6,47	-3,29	2,20	2,68	1434,69
37	26.07.2022 03:00:00	3,65	-3,36	2,43	2,72	1422,56
38	26.07.2022 04:00:00	3,65	-3,29	2,43	2,72	1422,56
39	26.07.2022 05:00:00	3,95	-3,29	2,40	2,72	1423,88
40	26.07.2022 06:00:00	4,32	-3,29	2,38	2,72	1425,50
41	26.07.2022 07:00:00	5,01	-3,29	2,32	2,71	1428,50
42	26.07.2022 08:00:00	5,19	-3,36	2,31	2,71	1429,29
43	26.07.2022 09:00:00	7,86	-3,36	2,11	2,67	1440,39
44	26.07.2022 10:00:00	9,20	-3,29	2,03	2,68	1445,79
45	26.07.2022 11:00:00	9,50	-3,29	1,99	2,65	1446,93
46	26.07.2022 12:00:00	9,80	-3,23	1,98	2,65	1448,10
47	26.07.2022 13:00:00	9,87	-3,29	1,97	2,64	1448,34
48	26.07.2022 14:00:00	10,26	-3,23	1,95	2,64	1449,87
49	26.07.2022 15:00:00	10,42	-3,29	1,93	2,63	1450,49
50	26.07.2022 16:00:00	10,75	-3,23	1,92	2,63	1451,73
51	26.07.2022 17:00:00	10,94	-3,36	1,90	2,62	1452,46
52	26.07.2022 18:00:00	10,91	-3,29	1,90	2,62	1452,34
53	26.07.2022 19:00:00	10,75	-3,29	1,91	2,63	1451,72
54	26.07.2022 20:00:00	10,65	-3,36	1,92	2,63	1451,35
55	26.07.2022 21:00:00	10,65	-3,29	1,92	2,63	1451,35
56	26.07.2022 22:00:00	10,49	-3,03	1,93	2,63	1450,74
57	26.07.2022 23:00:00	10,06	-3,10	1,96	2,64	1449,11
58	27.07.2022 00:00:00	8,70	-3,10	2,03	2,64	1443,76
59	27.07.2022 01:00:00	8,53	-3,03	2,06	2,66	1443,12
60	27.07.2022 02:00:00	7,44	-2,91	2,63	3,25	1439,34
61	27.07.2022 03:00:00	8,37	-2,91	2,07	2,66	1442,44
62	27.07.2022 04:00:00	8,23	-2,71	2,08	2,66	1441,90
63	27.07.2022 05:00:00	7,79	-2,78	2,11	2,67	1440,12
64	27.07.2022 06:00:00	7,48	-2,78	2,13	2,67	1438,86
65	27.07.2022 07:00:00	7,24	-2,58	2,15	2,68	1437,88
66	27.07.2022 08:00:00	6,93	-2,58	2,77	3,37	1437,35
67	27.07.2022 09:00:00	6,75	-2,58	4,46	5,24	1438,76
68	27.07.2022 10:00:00	6,44	-2,58	5,14	5,94	1438,30
69	27.07.2022 11:00:00	6,12	-2,65	9,60	10,54	1442,65
70	27.07.2022 12:00:00	5,84	-2,52	9,69	10,54	1441,55
71	27.07.2022 13:00:00	5,84	-2,46	10,06	10,92	1442,03
72	27.07.2022 14:00:00	5,77	-2,46	11,03	11,87	1442,97
73	27.07.2022 15:00:00	5,77	-2,58	11,37	12,20	1443,40
74	27.07.2022 16:00:00	5,69	-2,33	11,09	11,90	1442,74
75	27.07.2022 17:00:00	5,59	-2,46	10,33	11,12	1441,32
76	27.07.2022 18:00:00	5,44	-2,52	7,00	7,71	1436,42
77	27.07.2022 19:00:00	5,23	-2,58	6,11	6,75	1434,34
78	27.07.2022 20:00:00	5,16	-2,58	3,58	4,09	1430,78
79	27.07.2022 21:00:00	5,01	-2,52	4,60	5,14	1431,45
80	27.07.2022 22:00:00	4,87	-2,46	4,47	4,99	1430,65
81	27.07.2022 23:00:00	4,80	-2,46	6,04	6,60	1432,35
82	28.07.2022 00:00:00	4,61	-2,46	6,41	6,95	1432,04
83	28.07.2022 01:00:00	4,54	-2,46	5,36	5,86	1430,35
84	28.07.2022 02:00:00	4,47	-2,46	4,51	4,98	1428,93
85	28.07.2022 03:00:00	4,36	-2,46	3,76	4,18	1427,47
86	28.07.2022 04:00:00	4,14	-2,52	3,11	3,48	1425,64
87	28.07.2022 05:00:00	4,03	-2,52	2,93	3,28	1424,91
88	28.07.2022 06:00:00	4,03	-2,65	2,40	2,71	1424,21
89	28.07.2022 07:00:00	3,95	-2,65	2,40	2,72	1423,89
90	28.07.2022 08:00:00	4,21	-2,65	2,39	2,72	1425,03
91	28.07.2022 09:00:00	3,99	-2,65	2,40	2,71	1424,05
92	28.07.2022 10:00:00	3,91	-2,71	2,41	2,71	1423,72
93	28.07.2022 11:00:00	4,10	-2,58	2,39	2,71	1424,54
94	28.07.2022 12:00:00	3,54	-2,46	2,43	2,71	1422,07
95	28.07.2022 13:00:00	3,65	-2,52	2,43	2,72	1422,57
96	28.07.2022 14:00:00	3,84	-2,52	2,42	2,72	1423,40
97	28.07.2022 15:00:00	3,88	-2,52	2,41	2,72	1423,56
98	28.07.2022 16:00:00	3,88	-2,58	2,41	2,72	1423,56
99	28.07.2022 17:00:00	3,91	-2,58	2,41	2,72	1423,72
100	28.07.2022 18:00:00	3,91	-2,58	2,41	2,72	1423,72
101	28.07.2022 19:00:00	3,88	-2,65	2,41	2,72	1423,56
102	28.07.2022 20:00:00	3,39	-2,78	2,45	2,71	1421,40
103	28.07.2022 21:00:00	3,43	-2,58	2,45	2,72	1421,57
104	28.07.2022 22:00:00	3,62	-2,58	2,43	2,72	1422,41
105	28.07.2022 23:00:00	3,58	-2,58	2,44	2,72	1422,24
106	29.07.2022 00:00:00	3,47	-2,58	2,44	2,72	1421,74
107	29.07.2022 01:00:00	3,39	-2,58	2,45	2,72	1421,41
108	29.07.2022 02:00:00	3,28	-2,58	2,46	2,72	1420,90
109	29.07.2022 03:00:00	3,32	-2,65	2,46	2,72	1421,07
110	29.07.2022 04:00:00	3,35	-2,58	2,45	2,72	1421,24
111	29.07.2022 05:00:00	3,35	-2,71	2,45	2,72	1421,24
112	29.07.2022 06:00:00	4,28	-2,78	2,39	2,72	1425,36
113	29.07.2022 07:00:00	4,47	-2,78	2,36	2,71	1426,15
114	29.07.2022 08:00:00	4,65	-2,78	2,35	2,71	1426,94
115	29.07.2022 09:00:00	4,76	-2,84	2,34	2,71	1427,41
116	29.07.2022 10:00:00	4,83	-2,78	2,34	2,71	1427,73
117	29.07.2022 11:00:00	4,94	-2,78	2,33	2,71	1428,20
118	29.07.2022 12:00:00	5,01	-2,78	2,32	2,71	1428,51
119	29.07.2022 13:00:00	5,05	-2,71	2,32	2,70	1428,67
120	29.07.2022 14:00:00	5,16	-2,71	2,31	2,71	1429,14
121	29.07.2022 15:00:00	5,30	-2,71	2,30	2,70	1429,75
122	29.07.2022 16:00:00	5,55	-2,71	2,28	2,70	1430,83
123	29.07.2022 17:00:00	5,62	-2,78	2,27	2,70	1431,13
124	29.07.2022 18:00:00	5,84	-2,91	2,26	2,70	1432,04
125	29.07.2022 19:00:00	5,94	-2,84	2,25	2,70	1432,48
126	29.07.2022 20:00:00	6,01	-2,97	2,24	2,70	1432,78
127	29.07.2022 21:00:00	6,01	-2,91	2,24	2,69	1432,78
128	29.07.2022 22:00:00	6,05	-2,97	2,24	2,69	1432,93
129	29.07.2022 23:00:00	6,01	-2,91	2,24	2,69	1432,78
130	30.07.2022 00:00:00	5,94	-2,84	2,25	2,69	1432,48
131	30.07.2022 01:00:00	5,91	-2,84	2,25	2,70	1432,33
132	30.07.2022 02:00:00	5,87	-2,84	2,25	2,70	1432,18
133	30.07.2022 03:00:00	5,80	-2,91	2,26	2,70	1431,88
134	30.07.2022 04:00:00	5,77	-2,91	2,26	2,70	1431,73
135	30.07.2022 05:00:00	5,80	-2,97	2,26	2,70	1431,88
136	30.07.2022 06:00:00	5,77	-2,97	2,26	2,70	1431,73
137	30.07.2022 07:00:00	5,73	-3,03	2,26	2,70	1431,58
138	30.07.2022 08:00:00	5,77	-3,10	2,26	2,70	1431,73
139	30.07.2022 09:00:00	5,80	-3,10	2,26	2,70	1431,88
140	30.07.2022 10:00:00	5,91	-3,03	2,25	2,70	1432,33
141	30.07.2022 11:00:00	6,05	-3,03	2,24	2,69	1432,93
142	30.07.2022 12:00:00	6,16	-2,97	2,23	2,69	1433,38
143	30.07.2022 13:00:00	6,30	-2,97	2,22	2,69	1433,97
144	30.07.2022 14:00:00	6,58	-2,97	2,20	2,69	1435,15
145	30.07.2022 15:00:00	6,79	-2,97	2,18	2,69	1436,01
146	30.07.2022 16:00:00	6,93	-2,97	2,18	2,69	1436,59
147	30.07.2022 17:00:00	7,17	-2,97	2,16	2,68	1437,59
148	30.07.2022 18:00:00	7,24	-3,03	2,15	2,68	1437,87
149	30.07.2022 19:00:00	7,24	-3,10	2,15	2,68	1437,87
150	30.07.2022 20:00:00	7,20	-3,10	2,15	2,68	1437,73
151	30.07.2022 21:00:00	7,17	-3,10	2,16	2,68	1437,59
152	30.07.2022 22:00:00	7,00	-3,16	2,17	2,68	1436,87
153	30.07.2022 23:00:00	6,82	-3,10	2,18	2,69	1436,16
154	31.07.2022 00:00:00	6,68	-3,16	2,19	2,68	1435,57
155	31.07.2022 01:00:00	6,54	-3,03	2,20	2,69	1435,00
156	31.07.2022 02:00:00	6,47	-3,03	2,21	2,69	1434,70
157	31.07.2022 03:00:00	6,40	-3,03	2,21	2,69	1434,41
158	31.07.2022 04:00:00	6,30	-3,10	2,22	2,69	1433,97
159	31.07.2022 05:00:00	6,19	-3,10	2,23	2,69	1433,52
160	31.07.2022 06:00:00	6,12	-3,16	2,23	2,69	1433,22
161	31.07.2022 07:00:00	6,09	-3,16	2,24	2,69	1433,08
162	31.07.2022 08:00:00	5,91	-3,16	2,25	2,69	1432,33
163	31.07.2022 09:00:00	5,69	-3,23	2,27	2,70	1431,42
164	31.07.2022 10:00:00	5,98	-3,16	2,25	2,70	1432,63
165	31.07.2022 11:00:00	6,47	-3,16	2,21	2,69	1434,70
166	31.07.2022 12:00:00	6,93	-3,10	2,18	2,69	1436,59
167	31.07.2022 13:00:00	7,10	-3,10	2,16	2,68	1437,30
168	31.07.2022 14:00:00	7,20	-3,10	2,16	2,68	1437,73
169	31.07.2022 15:00:00	7,41	-3,03	2,14	2,68	1438,58
170	31.07.2022 16:00:00	7,48	-2,97	2,14	2,68	1438,86
171	31.07.2022 17:00:00	7,72	-3,03	2,12	2,67	1439,84
172	31.07.2022 18:00:00	7,72	-3,03	2,12	2,67	1439,84
173	31.07.2022 19:00:00	7,72	-3,03	2,12	2,67	1439,84
174	31.07.2022 20:00:00	7,55	-3,10	2,13	2,67	1439,14
175	31.07.2022 21:00:00	7,55	-3,16	2,13	2,68	1439,14
176	31.07.2022 22:00:00	7,34	-3,10	2,14	2,68	1438,29
177	31.07.2022 23:00:00	7,20	-3,03	2,15	2,68	1437,73
178	01.08.2022 00:00:00	7,03	-2,97	2,16	2,68	1437,02
179	01.08.2022 01:00:00	6,82	-3,03	2,18	2,69	1436,16
180	01.08.2022 02:00:00	6,51	-2,91	2,20	2,68	1434,85
181	01.08.2022 03:00:00	6,33	-2,97	2,22	2,69	1434,12
182	01.08.2022 04:00:00	6,23	-2,91	2,23	2,69	1433,67
183	01.08.2022 05:00:00	6,23	-2,97	2,23	2,69	1433,67
184	01.08.2022 06:00:00	6,19	-3,03	2,23	2,69	1433,52
185	01.08.2022 07:00:00	6,16	-3,03	2,23	2,69	1433,38
186	01.08.2022 08:00:00	6,12	-3,16	2,23	2,69	1433,22
187	01.08.2022 09:00:00	6,12	-3,16	2,23	2,69	1433,23
188	01.08.2022 10:00:00	6,19	-3,16	2,23	2,69	1433,52
189	01.08.2022 11:00:00	6,61	-3,16	2,20	2,69	1435,28
190	01.08.2022 12:00:00	6,93	-3,10	2,18	2,69	1436,59
191	01.08.2022 13:00:00	7,34	-3,10	2,14	2,68	1438,30
192	01.08.2022 14:00:00	7,48	-3,03	2,14	2,68	1438,86
193	01.08.2022 15:00:00	7,58	-3,03	2,13	2,68	1439,28
194	01.08.2022 16:00:00	7,27	-3,03	2,15	2,67	1438,01
195	01.08.2022 17:00:00	7,51	-2,97	2,13	2,68	1439,00
196	01.08.2022 18:00:00	7,48	-3,03	2,13	2,68	1438,86
197	01.08.2022 19:00:00	7,38	-3,03	2,14	2,68	1438,44
198	01.08.2022 20:00:00	7,31	-3,10	2,15	2,68	1438,15
199	01.08.2022 21:00:00	7,10	-3,16	2,16	2,68	1437,30
200	01.08.2022 22:00:00	6,89	-3,16	2,17	2,68	1436,44
201	01.08.2022 23:00:00	6,68	-3,16	2,19	2,69	1435,58
202	02.08.2022 00:00:00	6,54	-3,10	2,20	2,69	1434,99
203	02.08.2022 01:00:00	6,37	-3,16	2,22	2,69	1434,26
204	02.08.2022 02:00:00	6,19	-3,10	2,23	2,69	1433,52
205	02.08.2022 03:00:00	5,94	-3,03	2,25	2,70	1432,48
206	02.08.2022 04:00:00	5,84	-3,03	2,25	2,70	1432,03
207	02.08.2022 05:00:00	5,84	-3,03	2,26	2,70	1432,03
208	02.08.2022 06:00:00	5,80	-3,10	2,26	2,70	1431,88
209	02.08.2022 07:00:00	5,77	-3,10	2,26	2,70	1431,73
210	02.08.2022 08:00:00	5,69	-3,10	2,27	2,70	1431,43
211	02.08.2022 09:00:00	5,77	-3,16	2,26	2,70	1431,73
212	02.08.2022 10:00:00	5,91	-3,16	2,25	2,70	1432,33
213	02.08.2022 11:00:00	6,12	-3,16	2,23	2,69	1433,23
214	02.08.2022 12:00:00	6,30	-3,16	2,22	2,69	1433,97
215	02.08.2022 13:00:00	6,61	-3,16	2,20	2,69	1435,28
216	02.08.2022 14:00:00	6,96	-3,10	2,18	2,69	1436,74
217	02.08.2022 15:00:00	7,24	-3,03	2,15	2,68	1437,87
218	02.08.2022 16:00:00	7,58	-3,10	2,13	2,68	1439,28
219	02.08.2022 17:00:00	7,96	-3,03	2,10	2,67	1440,81
220	02.08.2022 18:00:00	8,26	-3,03	2,08	2,67	1442,04
221	02.08.2022 19:00:00	7,72	-3,10	2,12	2,67	1439,84
222	02.08.2022 20:00:00	7,51	-3,16	2,13	2,67	1438,99
223	02.08.2022 21:00:00	7,13	-3,16	2,16	2,68	1437,44
224	02.08.2022 22:00:00	6,68	-3,23	2,19	2,68	1435,57
225	02.08.2022 23:00:00	6,79	-3,23	2,18	2,69	1436,01
226	03.08.2022 00:00:00	6,82	-3,16	2,18	2,69	1436,15
227	03.08.2022 01:00:00	6,75	-3,10	2,19	2,69	1435,87
228	03.08.2022 02:00:00	6,65	-3,10	2,19	2,69	1435,43
229	03.08.2022 03:00:00	6,05	-3,10	2,24	2,69	1432,93
230	03.08.2022 04:00:00	5,27	-3,03	2,29	2,69	1429,58
231	03.08.2022 05:00:00	6,51	-3,03	2,21	2,69	1434,85
232	03.08.2022 06:00:00	6,68	-3,10	2,19	2,69	1435,58
233	03.08.2022 07:00:00	6,79	-3,10	2,18	2,69	1436,01
234	03.08.2022 08:00:00	7,07	-3,03	2,17	2,69	1437,17
235	03.08.2022 09:00:00	7,44	-3,10	2,14	2,68	1438,72
236	03.08.2022 10:00:00	7,82	-3,16	2,11	2,68	1440,26
237	03.08.2022 11:00:00	8,33	-3,16	2,07	2,67	1442,31
238	03.08.2022 12:00:00	8,87	-3,10	2,04	2,67	1444,46
239	03.08.2022 13:00:00	9,40	-3,10	2,00	2,65	1446,55
240	03.08.2022 14:00:00	9,96	-3,03	1,97	2,65	1448,74
241	03.08.2022 15:00:00	10,42	-2,97	1,93	2,63	1450,49
242	03.08.2022 16:00:00	10,91	-3,03	1,91	2,63	1452,35
243	03.08.2022 17:00:00	11,20	-3,03	1,88	2,62	1453,44
244	03.08.2022 18:00:00	11,43	-3,03	1,87	2,62	1454,28
245	03.08.2022 19:00:00	11,39	-3,03	1,87	2,62	1454,16
246	03.08.2022 20:00:00	11,43	-3,03	1,87	2,62	1454,28
247	03.08.2022 21:00:00	11,62	-3,03	1,86	2,61	1455,00
248	03.08.2022 22:00:00	11,81	-3,10	1,85	2,61	1455,71
249	03.08.2022 23:00:00	11,87	-3,10	1,84	2,61	1455,94
250	04.08.2022 00:00:00	11,78	-3,03	1,84	2,61	1455,59
251	04.08.2022 01:00:00	11,65	-3,03	1,85	2,61	1455,11
252	04.08.2022 02:00:00	11,49	-3,03	1,86	2,61	1454,52
253	04.08.2022 03:00:00	11,46	-2,97	1,87	2,62	1454,40
254	04.08.2022 04:00:00	11,49	-2,91	1,86	2,62	1454,52
255	04.08.2022 05:00:00	11,46	-2,91	1,87	2,62	1454,40
256	04.08.2022 06:00:00	11,49	-2,84	1,86	2,62	1454,52
257	04.08.2022 07:00:00	10,94	-2,97	1,90	2,62	1452,47
258	04.08.2022 08:00:00	10,97	-2,97	1,90	2,62	1452,59
259	04.08.2022 09:00:00	11,20	-3,03	1,88	2,62	1453,44
260	04.08.2022 10:00:00	11,52	-3,03	1,87	2,62	1454,64
261	04.08.2022 11:00:00	11,27	-3,03	1,88	2,62	1453,68
262	04.08.2022 12:00:00	12,38	-3,03	1,83	2,62	1457,83
263	04.08.2022 13:00:00	12,89	-3,10	1,78	2,59	1459,64
264	04.08.2022 14:00:00	13,20	-3,03	1,76	2,59	1460,78
265	04.08.2022 15:00:00	13,64	-3,03	1,73	2,57	1462,33
266	04.08.2022 16:00:00	13,17	-3,03	1,75	2,57	1460,65
267	04.08.2022 17:00:00	12,00	-3,03	1,83	2,61	1456,41
268	04.08.2022 18:00:00	13,01	-2,97	2,03	2,94	1460,41
269	04.08.2022 19:00:00	13,48	-2,91	2,38	3,46	1462,54
270	04.08.2022 20:00:00	13,61	-2,97	3,08	4,42	1463,83
271	04.08.2022 21:00:00	13,73	-2,97	3,69	5,26	1465,02
272	04.08.2022 22:00:00	13,67	-3,10	2,10	3,09	1462,88
273	04.08.2022 23:00:00	13,45	-2,97	1,74	2,58	1461,67
274	05.08.2022 00:00:00	12,92	-2,97	1,77	2,58	1459,75
275	05.08.2022 01:00:00	12,63	-2,97	1,79	2,59	1458,73
276	05.08.2022 02:00:00	12,32	-3,03	1,81	2,59	1457,57
277	05.08.2022 03:00:00	11,94	-2,97	1,84	2,61	1456,18
278	05.08.2022 04:00:00	11,65	-2,97	1,85	2,61	1455,11
279	05.08.2022 05:00:00	11,10	-2,91	1,89	2,62	1453,08
280	05.08.2022 06:00:00	10,94	-2,97	1,90	2,62	1452,46
281	05.08.2022 07:00:00	10,85	-2,97	1,90	2,62	1452,09
282	05.08.2022 08:00:00	11,01	-2,97	1,90	2,63	1452,71
283	05.08.2022 09:00:00	11,36	-3,03	1,87	2,62	1454,04
284	05.08.2022 10:00:00	12,16	-3,03	1,83	2,62	1457,01
285	05.08.2022 11:00:00	12,38	-3,03	1,81	2,60	1457,81
286	05.08.2022 12:00:00	12,51	-3,10	1,80	2,60	1458,27
287	05.08.2022 13:00:00	12,82	-3,23	1,78	2,59	1459,41
288	05.08.2022 14:00:00	13,26	-3,10	1,77	2,60	1461,01
289	05.08.2022 15:00:00	13,39	-3,03	1,75	2,58	1461,44
290	05.08.2022 16:00:00	13,67	-3,03	1,74	2,58	1462,45
291	05.08.2022 17:00:00	13,42	-3,03	1,75	2,58	1461,55
292	05.08.2022 18:00:00	12,63	-2,97	1,78	2,58	1458,72
293	05.08.2022 19:00:00	12,51	-2,97	1,80	2,60	1458,27
294	05.08.2022 20:00:00	12,41	-2,91	1,80	2,60	1457,93
295	05.08.2022 21:00:00	12,03	-3,03	1,83	2,61	1456,53
296	05.08.2022 22:00:00	12,51	-3,10	1,81	2,61	1458,28
297	05.08.2022 23:00:00	12,98	-2,97	1,77	2,59	1459,98
298	06.08.2022 00:00:00	12,82	-3,03	1,78	2,59	1459,41
299	06.08.2022 01:00:00	12,70	-2,97	1,79	2,59	1458,96
300	06.08.2022 02:00:00	12,54	-2,97	1,80	2,59	1458,39
301	06.08.2022 03:00:00	12,41	-2,97	1,96	2,80	1458,11
302	06.08.2022 04:00:00	11,65	-2,91	2,15	3,01	1455,48
303	06.08.2022 05:00:00	11,46	-2,78	2,35	3,26	1455,00
304	06.08.2022 06:00:00	10,97	-2,65	2,43	3,32	1453,25
305	06.08.2022 07:00:00	9,96	-2,71	2,77	3,65	1449,73
306	06.08.2022 08:00:00	9,83	-2,71	3,28	4,27	1449,85
307	06.08.2022 09:00:00	9,90	-2,58	3,36	4,38	1450,21
308	06.08.2022 10:00:00	9,93	-2,65	3,74	4,85	1450,81
309	06.08.2022 11:00:00	9,67	-2,65	3,82	4,91	1449,87
310	06.08.2022 12:00:00	9,14	-2,65	4,18	5,26	1448,21
311	06.08.2022 13:00:00	8,70	-2,65	4,57	5,66	1446,95
312	06.08.2022 14:00:00	8,87	-2,58	4,72	5,86	1447,81
313	06.08.2022 15:00:00	9,04	-2,65	4,74	5,90	1448,50
314	06.08.2022 16:00:00	9,20	-2,65	4,73	5,92	1449,16
315	06.08.2022 17:00:00	9,30	-2,58	4,70	5,90	1449,52
316	06.08.2022 18:00:00	9,34	-2,58	4,69	5,89	1449,64
317	06.08.2022 19:00:00	9,14	-2,65	4,65	5,81	1448,79
318	06.08.2022 20:00:00	8,97	-2,65	4,78	5,94	1448,28
319	06.08.2022 21:00:00	9,07	-2,65	4,77	5,95	1448,68
320	06.08.2022 22:00:00	9,27	-2,78	4,38	5,52	1448,98
321	06.08.2022 23:00:00	9,07	-2,71	3,89	4,91	1447,58
322	07.08.2022 00:00:00	9,00	-2,84	3,28	4,17	1446,54
323	07.08.2022 01:00:00	8,77	-2,78	2,67	3,42	1444,84
324	07.08.2022 02:00:00	8,94	-2,84	2,44	3,16	1445,23
325	07.08.2022 03:00:00	8,77	-2,84	2,04	2,66	1444,06
326	07.08.2022 04:00:00	8,43	-2,84	2,06	2,66	1442,71
327	07.08.2022 05:00:00	8,13	-2,84	2,09	2,67	1441,49
328	07.08.2022 06:00:00	7,62	-2,78	2,12	2,67	1439,42
329	07.08.2022 07:00:00	7,69	-2,78	2,12	2,67	1439,70
330	07.08.2022 08:00:00	8,03	-2,71	2,10	2,67	1441,09
331	07.08.2022 09:00:00	8,06	-2,78	2,09	2,67	1441,22
332	07.08.2022 10:00:00	8,03	-2,78	2,09	2,67	1441,08
333	07.08.2022 11:00:00	7,86	-2,78	2,11	2,67	1440,40
334	07.08.2022 12:00:00	8,13	-2,78	2,09	2,67	1441,50
335	07.08.2022 13:00:00	7,24	-2,91	2,15	2,68	1437,87
336	07.08.2022 14:00:00	8,37	-2,84	2,64	3,35	1443,16
337	07.08.2022 15:00:00	8,84	-2,84	2,58	3,31	1444,99
338	07.08.2022 16:00:00	9,27	-2,97	2,47	3,22	1446,60
339	07.08.2022 17:00:00	8,84	-2,91	2,58	3,32	1445,00
340	07.08.2022 18:00:00	8,80	-2,91	2,73	3,49	1445,04
341	07.08.2022 19:00:00	8,33	-2,91	3,10	3,90	1443,60
342	07.08.2022 20:00:00	8,60	-2,91	3,69	4,61	1445,43
343	07.08.2022 21:00:00	7,99	-2,91	3,93	4,82	1443,25
344	07.08.2022 22:00:00	7,92	-2,91	4,45	5,41	1443,62
345	07.08.2022 23:00:00	8,16	-2,97	4,75	5,78	1444,97
346	08.08.2022 00:00:00	8,03	-2,97	4,69	5,70	1444,35
347	08.08.2022 01:00:00	7,51	-2,97	3,61	4,40	1440,87
348	08.08.2022 02:00:00	6,96	-3,03	2,76	3,36	1437,48
349	08.08.2022 03:00:00	6,54	-3,03	2,30	2,80	1435,11
350	08.08.2022 04:00:00	6,12	-3,10	2,23	2,69	1433,22
351	08.08.2022 05:00:00	6,23	-2,97	2,23	2,69	1433,67
352	08.08.2022 06:00:00	6,12	-3,03	2,23	2,69	1433,23
353	08.08.2022 07:00:00	5,94	-2,91	2,25	2,70	1432,49
354	08.08.2022 08:00:00	6,01	-2,91	2,24	2,70	1432,78
355	08.08.2022 09:00:00	6,01	-2,91	2,25	2,70	1432,79
356	08.08.2022 10:00:00	6,40	-2,84	2,22	2,70	1434,42
357	08.08.2022 11:00:00	6,68	-2,91	2,19	2,69	1435,58
358	08.08.2022 12:00:00	6,82	-2,91	2,18	2,69	1436,16
359	08.08.2022 13:00:00	7,10	-2,91	2,16	2,68	1437,31
360	08.08.2022 14:00:00	7,17	-2,91	2,16	2,68	1437,59
361	08.08.2022 15:00:00	7,17	-2,97	2,16	2,68	1437,59
362	08.08.2022 16:00:00	7,34	-2,91	2,15	2,68	1438,30
363	08.08.2022 17:00:00	7,51	-2,97	2,13	2,68	1439,00
364	08.08.2022 18:00:00	7,55	-3,03	2,13	2,68	1439,14
365	08.08.2022 19:00:00	7,55	-3,03	2,13	2,68	1439,14
366	08.08.2022 20:00:00	7,38	-3,03	2,14	2,68	1438,44
367	08.08.2022 21:00:00	7,20	-3,03	2,15	2,68	1437,73
368	08.08.2022 22:00:00	6,96	-3,10	2,17	2,68	1436,73
369	08.08.2022 23:00:00	6,79	-3,10	2,18	2,69	1436,01
370	09.08.2022 00:00:00	6,72	-3,16	2,19	2,69	1435,72
371	09.08.2022 01:00:00	6,61	-3,16	2,20	2,69	1435,28
372	09.08.2022 02:00:00	6,68	-3,23	2,19	2,69	1435,58
373	09.08.2022 03:00:00	6,72	-3,23	2,19	2,69	1435,72
374	09.08.2022 04:00:00	6,72	-3,29	2,19	2,69	1435,72
375	09.08.2022 05:00:00	6,72	-3,29	2,19	2,69	1435,72
376	09.08.2022 06:00:00	6,61	-3,23	2,20	2,69	1435,28
377	09.08.2022 07:00:00	6,93	-3,23	2,17	2,68	1436,58
378	09.08.2022 08:00:00	7,00	-3,23	2,17	2,68	1436,87
379	09.08.2022 09:00:00	6,96	-3,16	2,17	2,68	1436,73
380	09.08.2022 10:00:00	7,03	-3,03	2,17	2,68	1437,02
381	09.08.2022 11:00:00	7,13	-2,97	2,16	2,68	1437,45
382	09.08.2022 12:00:00	6,65	-2,97	2,19	2,68	1435,43
383	09.08.2022 13:00:00	6,33	-2,91	2,22	2,69	1434,12
384	09.08.2022 14:00:00	6,44	-2,91	2,21	2,69	1434,56
385	09.08.2022 15:00:00	6,19	-2,97	2,23	2,69	1433,53
386	09.08.2022 16:00:00	6,33	-3,03	2,22	2,69	1434,12
387	09.08.2022 17:00:00	7,27	-3,03	2,15	2,68	1438,01
388	09.08.2022 18:00:00	7,41	-3,03	2,14	2,68	1438,58
389	09.08.2022 19:00:00	7,55	-3,03	2,13	2,68	1439,14
390	09.08.2022 20:00:00	7,51	-3,10	2,13	2,68	1439,00
391	09.08.2022 21:00:00	7,58	-3,10	2,13	2,68	1439,28
392	09.08.2022 22:00:00	7,58	-2,97	2,13	2,68	1439,28
393	09.08.2022 23:00:00	7,10	-2,97	2,16	2,68	1437,30
394	10.08.2022 00:00:00	6,75	-2,97	2,18	2,68	1435,86
395	10.08.2022 01:00:00	7,24	-3,03	2,15	2,68	1437,87
396	10.08.2022 02:00:00	7,34	-3,03	2,15	2,68	1438,30
397	10.08.2022 03:00:00	7,31	-2,97	2,15	2,68	1438,16
398	10.08.2022 04:00:00	7,17	-3,10	2,15	2,68	1437,59
399	10.08.2022 05:00:00	7,24	-3,03	2,15	2,68	1437,87
400	10.08.2022 06:00:00	7,20	-3,10	2,15	2,68	1437,73
401	10.08.2022 07:00:00	7,13	-3,03	2,16	2,68	1437,45
402	10.08.2022 08:00:00	7,13	-2,97	2,16	2,68	1437,45
403	10.08.2022 09:00:00	6,44	-2,84	2,21	2,69	1434,56
404	10.08.2022 10:00:00	6,37	-2,91	2,22	2,69	1434,26
405	10.08.2022 11:00:00	6,82	-2,78	2,18	2,69	1436,16
406	10.08.2022 12:00:00	7,03	-2,71	2,17	2,69	1437,03
407	10.08.2022 13:00:00	7,13	-2,78	2,16	2,68	1437,45
408	10.08.2022 14:00:00	7,41	-2,78	2,14	2,68	1438,59
409	10.08.2022 15:00:00	7,79	-2,78	2,11	2,67	1440,12
410	10.08.2022 16:00:00	7,99	-2,84	2,10	2,67	1440,95
411	10.08.2022 17:00:00	8,13	-2,97	2,09	2,67	1441,49
412	10.08.2022 18:00:00	8,06	-2,97	2,09	2,67	1441,22
413	10.08.2022 19:00:00	8,60	-3,03	2,05	2,66	1443,39
414	10.08.2022 20:00:00	8,60	-3,03	2,05	2,66	1443,39
415	10.08.2022 21:00:00	8,70	-3,10	2,05	2,66	1443,79
416	10.08.2022 22:00:00	8,67	-3,03	2,05	2,66	1443,65
417	10.08.2022 23:00:00	8,57	-3,10	2,06	2,66	1443,25
418	11.08.2022 00:00:00	8,57	-2,97	2,06	2,66	1443,25
419	11.08.2022 01:00:00	8,57	-2,91	2,06	2,66	1443,25
420	11.08.2022 02:00:00	8,50	-2,91	2,06	2,66	1442,98
421	11.08.2022 03:00:00	8,13	-2,97	2,09	2,67	1441,49
422	11.08.2022 04:00:00	8,40	-2,91	2,07	2,67	1442,58
423	11.08.2022 05:00:00	8,37	-2,97	2,07	2,66	1442,44
424	11.08.2022 06:00:00	8,26	-3,03	2,08	2,66	1442,03
425	11.08.2022 07:00:00	8,43	-3,10	2,07	2,66	1442,71
426	11.08.2022 08:00:00	8,53	-2,97	2,06	2,66	1443,12
427	11.08.2022 09:00:00	8,57	-2,97	2,06	2,66	1443,25
428	11.08.2022 10:00:00	8,70	-2,91	2,05	2,66	1443,79
429	11.08.2022 11:00:00	8,74	-2,84	2,05	2,66	1443,92
430	11.08.2022 12:00:00	8,84	-2,78	2,04	2,66	1444,32
431	11.08.2022 13:00:00	8,77	-2,71	2,04	2,66	1444,06
432	11.08.2022 14:00:00	9,00	-2,78	2,03	2,66	1444,99
433	11.08.2022 15:00:00	9,10	-2,71	2,02	2,65	1445,38
434	11.08.2022 16:00:00	9,30	-2,78	2,01	2,65	1446,17
435	11.08.2022 17:00:00	9,80	-2,84	1,97	2,64	1448,10
436	11.08.2022 18:00:00	10,06	-2,84	1,96	2,64	1449,12
437	11.08.2022 19:00:00	10,13	-2,91	1,95	2,64	1449,36
438	11.08.2022 20:00:00	10,10	-2,91	1,95	2,64	1449,24
439	11.08.2022 21:00:00	9,70	-2,91	1,98	2,64	1447,71
440	11.08.2022 22:00:00	9,87	-2,91	1,97	2,65	1448,35
441	11.08.2022 23:00:00	9,34	-2,84	2,00	2,65	1446,29
442	12.08.2022 00:00:00	10,03	-2,78	1,97	2,65	1449,00
443	12.08.2022 01:00:00	10,13	-2,84	1,95	2,64	1449,37
444	12.08.2022 02:00:00	10,19	-2,84	1,95	2,64	1449,62
445	12.08.2022 03:00:00	9,96	-2,84	1,96	2,64	1448,73
446	12.08.2022 04:00:00	9,87	-2,91	1,97	2,64	1448,35
447	12.08.2022 05:00:00	9,83	-2,97	1,97	2,64	1448,22
448	12.08.2022 06:00:00	9,80	-3,10	1,97	2,64	1448,09
449	12.08.2022 07:00:00	9,77	-3,16	1,98	2,64	1447,96
450	12.08.2022 08:00:00	9,80	-3,16	1,97	2,64	1448,09
451	12.08.2022 09:00:00	9,87	-3,10	1,97	2,64	1448,35
452	12.08.2022 10:00:00	10,10	-3,16	1,96	2,64	1449,24
453	12.08.2022 11:00:00	10,42	-3,03	1,93	2,63	1450,49
454	12.08.2022 12:00:00	10,72	-2,97	1,92	2,63	1451,61
455	12.08.2022 13:00:00	10,88	-2,97	1,90	2,63	1452,22
456	12.08.2022 14:00:00	11,01	-2,84	1,90	2,63	1452,71
457	12.08.2022 15:00:00	10,94	-2,91	1,90	2,62	1452,47
458	12.08.2022 16:00:00	11,01	-2,84	1,90	2,62	1452,71
459	12.08.2022 17:00:00	11,36	-2,84	1,87	2,62	1454,04
460	12.08.2022 18:00:00	11,87	-2,91	1,85	2,62	1455,95
461	12.08.2022 19:00:00	12,00	-2,97	1,83	2,61	1456,41
462	12.08.2022 20:00:00	11,94	-2,97	1,83	2,61	1456,18
463	12.08.2022 21:00:00	11,87	-2,91	1,84	2,61	1455,95
464	12.08.2022 22:00:00	11,68	-2,91	1,85	2,61	1455,23
465	12.08.2022 23:00:00	11,75	-2,84	1,85	2,61	1455,47
466	13.08.2022 00:00:00	11,68	-2,78	1,85	2,61	1455,24
467	13.08.2022 01:00:00	12,00	-2,78	1,83	2,61	1456,42
468	13.08.2022 02:00:00	11,91	-2,78	1,84	2,61	1456,06
469	13.08.2022 03:00:00	11,43	-2,78	1,87	2,62	1454,28
470	13.08.2022 04:00:00	11,43	-2,78	1,87	2,62	1454,28
471	13.08.2022 05:00:00	11,14	-2,78	1,89	2,62	1453,20
472	13.08.2022 06:00:00	11,01	-2,84	1,89	2,62	1452,71
473	13.08.2022 07:00:00	10,97	-2,84	1,90	2,62	1452,59
474	13.08.2022 08:00:00	10,85	-2,91	1,90	2,62	1452,10
475	13.08.2022 09:00:00	10,68	-2,91	1,92	2,63	1451,48
476	13.08.2022 10:00:00	10,65	-2,91	1,92	2,63	1451,36
477	13.08.2022 11:00:00	10,55	-2,84	1,92	2,63	1450,99
478	13.08.2022 12:00:00	10,52	-2,84	1,93	2,63	1450,87
479	13.08.2022 13:00:00	10,72	-2,71	1,91	2,63	1451,61
480	13.08.2022 14:00:00	10,65	-2,78	1,92	2,63	1451,36
481	13.08.2022 15:00:00	10,65	-2,78	1,92	2,63	1451,36
482	13.08.2022 16:00:00	10,62	-2,78	1,92	2,63	1451,24
483	13.08.2022 17:00:00	10,62	-2,78	1,92	2,63	1451,24
484	13.08.2022 18:00:00	10,62	-2,84	1,92	2,63	1451,24
485	13.08.2022 19:00:00	10,39	-2,91	1,93	2,63	1450,37
486	13.08.2022 20:00:00	10,06	-2,91	1,95	2,63	1449,11
487	13.08.2022 21:00:00	9,77	-2,91	1,98	2,64	1447,97
488	13.08.2022 22:00:00	9,50	-2,91	1,99	2,64	1446,94
489	13.08.2022 23:00:00	9,37	-2,91	2,00	2,65	1446,42
490	14.08.2022 00:00:00	9,04	-2,84	2,02	2,65	1445,11
491	14.08.2022 01:00:00	8,77	-2,84	2,04	2,66	1444,06
492	14.08.2022 02:00:00	8,57	-2,78	2,05	2,66	1443,25
493	14.08.2022 03:00:00	8,20	-2,78	2,08	2,67	1441,77
494	14.08.2022 04:00:00	7,72	-2,84	2,11	2,67	1439,83
495	14.08.2022 05:00:00	7,51	-2,91	2,13	2,68	1439,00
496	14.08.2022 06:00:00	7,41	-3,03	2,14	2,68	1438,58
497	14.08.2022 07:00:00	7,10	-3,03	2,16	2,68	1437,30
498	14.08.2022 08:00:00	7,13	-3,10	2,16	2,68	1437,45
499	14.08.2022 09:00:00	6,86	-3,16	2,18	2,68	1436,30
500	14.08.2022 10:00:00	6,75	-3,16	2,19	2,68	1435,86
501	14.08.2022 11:00:00	6,65	-3,16	2,20	2,69	1435,43
502	14.08.2022 12:00:00	6,58	-3,10	2,20	2,69	1435,14
503	14.08.2022 13:00:00	6,47	-3,10	2,21	2,69	1434,70
504	14.08.2022 14:00:00	6,68	-3,10	2,20	2,69	1435,58
505	14.08.2022 15:00:00	6,65	-3,03	2,20	2,69	1435,43
506	14.08.2022 16:00:00	6,51	-2,97	2,21	2,69	1434,85
507	14.08.2022 17:00:00	5,94	-2,97	2,25	2,70	1432,48
508	14.08.2022 18:00:00	5,84	-3,03	2,26	2,70	1432,04
509	14.08.2022 19:00:00	5,87	-3,10	2,25	2,70	1432,18
510	14.08.2022 20:00:00	5,80	-3,16	2,26	2,70	1431,88
511	14.08.2022 21:00:00	5,66	-3,10	2,27	2,70	1431,27
512	14.08.2022 22:00:00	5,52	-3,23	2,28	2,70	1430,66
513	14.08.2022 23:00:00	5,30	-3,16	2,30	2,70	1429,75
514	15.08.2022 00:00:00	5,27	-3,03	2,30	2,70	1429,59
515	15.08.2022 01:00:00	5,16	-3,03	2,31	2,70	1429,13
516	15.08.2022 02:00:00	5,08	-3,03	2,31	2,70	1428,82
517	15.08.2022 03:00:00	5,30	-2,97	2,30	2,70	1429,75
518	15.08.2022 04:00:00	5,34	-2,97	2,30	2,70	1429,90
519	15.08.2022 05:00:00	4,54	-3,03	2,36	2,71	1426,46
520	15.08.2022 06:00:00	4,58	-3,10	2,35	2,71	1426,62
521	15.08.2022 07:00:00	4,80	-3,16	2,34	2,71	1427,57
522	15.08.2022 08:00:00	4,94	-3,16	2,33	2,71	1428,20
523	15.08.2022 09:00:00	4,98	-3,16	2,32	2,71	1428,35
524	15.08.2022 10:00:00	5,12	-3,29	2,31	2,71	1428,97
525	15.08.2022 11:00:00	5,34	-3,23	2,29	2,70	1429,90
526	15.08.2022 12:00:00	5,48	-3,29	2,29	2,70	1430,51
527	15.08.2022 13:00:00	5,73	-3,23	2,26	2,70	1431,58
528	15.08.2022 14:00:00	6,01	-3,16	2,25	2,70	1432,78
529	15.08.2022 15:00:00	6,47	-3,10	2,21	2,69	1434,70
530	15.08.2022 16:00:00	6,75	-3,16	2,19	2,69	1435,87
531	15.08.2022 17:00:00	7,10	-3,10	2,16	2,68	1437,30
532	15.08.2022 18:00:00	7,03	-3,10	2,17	2,68	1437,02
533	15.08.2022 19:00:00	6,89	-3,23	2,18	2,68	1436,44
534	15.08.2022 20:00:00	6,72	-3,36	2,19	2,68	1435,71
535	15.08.2022 21:00:00	6,68	-3,36	2,19	2,69	1435,57
536	15.08.2022 22:00:00	6,58	-3,29	2,20	2,69	1435,14
537	15.08.2022 23:00:00	6,47	-3,23	2,21	2,69	1434,70
538	16.08.2022 00:00:00	6,37	-3,23	2,21	2,69	1434,26
539	16.08.2022 01:00:00	6,30	-3,16	2,22	2,69	1433,97
540	16.08.2022 02:00:00	6,30	-3,10	2,22	2,69	1433,97
541	16.08.2022 03:00:00	6,26	-3,03	2,22	2,69	1433,82
542	16.08.2022 04:00:00	6,12	-3,10	2,23	2,69	1433,22
543	16.08.2022 05:00:00	6,19	-3,10	2,23	2,69	1433,52
544	16.08.2022 06:00:00	6,16	-3,03	2,23	2,69	1433,38
545	16.08.2022 07:00:00	6,19	-3,10	2,23	2,69	1433,52
546	16.08.2022 08:00:00	6,19	-3,16	2,23	2,69	1433,52
547	16.08.2022 09:00:00	6,12	-3,29	2,23	2,69	1433,22
548	16.08.2022 10:00:00	6,12	-3,29	2,23	2,69	1433,22
549	16.08.2022 11:00:00	6,19	-3,16	2,23	2,69	1433,52
550	16.08.2022 12:00:00	6,37	-3,23	2,22	2,69	1434,26
551	16.08.2022 13:00:00	6,68	-3,23	2,19	2,69	1435,57
552	16.08.2022 14:00:00	7,10	-3,16	2,17	2,69	1437,31
553	16.08.2022 15:00:00	7,38	-3,23	2,14	2,68	1438,43
554	16.08.2022 16:00:00	7,55	-3,16	2,13	2,68	1439,14
555	16.08.2022 17:00:00	7,72	-3,16	2,12	2,67	1439,84
556	16.08.2022 18:00:00	7,44	-3,23	2,13	2,67	1438,71
557	16.08.2022 19:00:00	7,34	-3,23	2,14	2,68	1438,29
558	16.08.2022 20:00:00	7,20	-3,29	2,15	2,68	1437,72
559	16.08.2022 21:00:00	6,82	-3,29	2,18	2,69	1436,15
560	16.08.2022 22:00:00	6,89	-3,36	2,18	2,69	1436,44
561	16.08.2022 23:00:00	6,82	-3,29	2,18	2,69	1436,15
562	17.08.2022 00:00:00	6,61	-3,29	2,20	2,68	1435,28
563	17.08.2022 01:00:00	6,30	-3,23	2,22	2,69	1433,96
564	17.08.2022 02:00:00	6,26	-3,23	2,22	2,69	1433,82
565	17.08.2022 03:00:00	6,12	-3,16	2,23	2,69	1433,23
566	17.08.2022 04:00:00	5,80	-3,16	2,26	2,69	1431,87
567	17.08.2022 05:00:00	5,84	-3,16	2,26	2,70	1432,03
568	17.08.2022 06:00:00	5,48	-3,10	2,28	2,70	1430,51
569	17.08.2022 07:00:00	4,69	-3,10	2,35	2,71	1427,09
570	17.08.2022 08:00:00	4,61	-3,16	2,35	2,71	1426,78
571	17.08.2022 09:00:00	5,27	-3,10	2,30	2,70	1429,59
572	17.08.2022 10:00:00	5,30	-3,16	2,30	2,70	1429,75
573	17.08.2022 11:00:00	5,91	-3,29	2,25	2,70	1432,33
574	17.08.2022 12:00:00	6,23	-3,29	2,23	2,70	1433,67
575	17.08.2022 13:00:00	6,33	-3,29	2,22	2,69	1434,11
576	17.08.2022 14:00:00	6,37	-3,23	2,22	2,69	1434,26
577	17.08.2022 15:00:00	6,47	-3,23	2,21	2,69	1434,70
578	17.08.2022 16:00:00	6,65	-3,23	2,20	2,69	1435,43
579	17.08.2022 17:00:00	6,44	-3,16	2,21	2,69	1434,55
580	17.08.2022 18:00:00	6,37	-3,23	2,22	2,69	1434,26
581	17.08.2022 19:00:00	6,26	-3,23	2,22	2,69	1433,82
582	17.08.2022 20:00:00	6,16	-3,29	2,23	2,69	1433,37
583	17.08.2022 21:00:00	6,09	-3,42	2,24	2,69	1433,07
584	17.08.2022 22:00:00	6,05	-3,49	2,24	2,69	1432,92
585	17.08.2022 23:00:00	5,98	-3,36	2,25	2,70	1432,63
586	18.08.2022 00:00:00	5,98	-3,42	2,25	2,70	1432,62
587	18.08.2022 01:00:00	5,94	-3,42	2,25	2,70	1432,48
588	18.08.2022 02:00:00	5,91	-3,42	2,25	2,70	1432,32
589	18.08.2022 03:00:00	5,84	-3,36	2,26	2,70	1432,03
590	18.08.2022 04:00:00	5,80	-3,36	2,26	2,70	1431,87
591	18.08.2022 05:00:00	5,80	-3,29	2,26	2,70	1431,88
592	18.08.2022 06:00:00	5,77	-3,29	2,26	2,70	1431,72
593	18.08.2022 07:00:00	5,73	-3,29	2,26	2,70	1431,57
594	18.08.2022 08:00:00	5,69	-3,36	2,27	2,70	1431,42
595	18.08.2022 09:00:00	5,73	-3,29	2,26	2,70	1431,57
596	18.08.2022 10:00:00	5,84	-3,36	2,26	2,70	1432,03
597	18.08.2022 11:00:00	5,87	-3,36	2,25	2,70	1432,18
598	18.08.2022 12:00:00	6,23	-3,36	2,23	2,70	1433,67
599	18.08.2022 13:00:00	6,54	-3,29	2,20	2,69	1434,99
600	18.08.2022 14:00:00	6,51	-3,36	2,21	2,69	1434,84
601	18.08.2022 15:00:00	6,86	-3,36	2,18	2,68	1436,30
602	18.08.2022 16:00:00	6,96	-3,36	2,17	2,69	1436,73
603	18.08.2022 17:00:00	6,75	-3,29	2,19	2,69	1435,86
604	18.08.2022 18:00:00	6,68	-3,36	2,19	2,69	1435,57
605	18.08.2022 19:00:00	6,05	-3,42	2,24	2,69	1432,92
606	18.08.2022 20:00:00	4,98	-3,36	2,31	2,69	1428,33
607	18.08.2022 21:00:00	4,43	-3,36	2,37	2,71	1425,98
608	18.08.2022 22:00:00	4,14	-3,36	2,39	2,71	1424,68
609	18.08.2022 23:00:00	4,10	-3,29	2,39	2,71	1424,53
610	19.08.2022 00:00:00	4,03	-3,29	2,40	2,71	1424,20
611	19.08.2022 01:00:00	4,10	-3,29	2,39	2,71	1424,53
612	19.08.2022 02:00:00	4,21	-3,36	2,39	2,71	1425,01
613	19.08.2022 03:00:00	6,23	-3,29	2,23	2,69	1433,67
614	19.08.2022 04:00:00	6,23	-3,23	2,23	2,69	1433,67
615	19.08.2022 05:00:00	6,16	-3,16	2,23	2,69	1433,37
616	19.08.2022 06:00:00	6,12	-3,23	2,23	2,69	1433,22
617	19.08.2022 07:00:00	6,05	-3,16	2,24	2,69	1432,93
618	19.08.2022 08:00:00	6,09	-3,23	2,24	2,69	1433,08
619	19.08.2022 09:00:00	6,09	-3,23	2,24	2,69	1433,08
620	19.08.2022 10:00:00	6,16	-3,16	2,23	2,69	1433,37
621	19.08.2022 11:00:00	6,30	-3,16	2,22	2,69	1433,97
622	19.08.2022 12:00:00	6,51	-3,23	2,21	2,69	1434,85
623	19.08.2022 13:00:00	6,75	-3,23	2,19	2,69	1435,86
624	19.08.2022 14:00:00	7,20	-3,23	2,16	2,69	1437,73
625	19.08.2022 15:00:00	7,44	-3,16	2,14	2,68	1438,72
626	19.08.2022 16:00:00	7,48	-3,16	2,13	2,68	1438,86
627	19.08.2022 17:00:00	7,65	-3,16	2,12	2,67	1439,56
628	19.08.2022 18:00:00	7,72	-3,10	2,12	2,67	1439,84
629	19.08.2022 19:00:00	7,41	-3,16	2,14	2,68	1438,58
630	19.08.2022 20:00:00	7,31	-3,10	2,15	2,68	1438,15
631	19.08.2022 21:00:00	7,31	-3,16	2,15	2,68	1438,15
632	19.08.2022 22:00:00	7,27	-3,16	2,15	2,68	1438,01
633	19.08.2022 23:00:00	7,17	-3,23	2,16	2,68	1437,59
634	20.08.2022 00:00:00	6,96	-3,23	2,17	2,68	1436,73
635	20.08.2022 01:00:00	6,75	-3,23	2,19	2,69	1435,86
636	20.08.2022 02:00:00	6,65	-3,23	2,19	2,69	1435,43
637	20.08.2022 03:00:00	6,40	-3,23	2,21	2,69	1434,41
638	20.08.2022 04:00:00	6,30	-3,16	2,22	2,69	1433,96
639	20.08.2022 05:00:00	5,59	-3,10	2,28	2,71	1430,98
640	20.08.2022 06:00:00	5,87	-3,03	2,26	2,70	1432,19
641	20.08.2022 07:00:00	5,87	-3,03	2,25	2,70	1432,18
642	20.08.2022 08:00:00	5,80	-3,10	2,26	2,70	1431,88
643	20.08.2022 09:00:00	5,73	-3,10	2,26	2,70	1431,58
644	20.08.2022 10:00:00	5,55	-3,10	2,28	2,70	1430,82
645	20.08.2022 11:00:00	5,80	-3,10	2,26	2,70	1431,88
646	20.08.2022 12:00:00	6,01	-3,10	2,25	2,70	1432,78
647	20.08.2022 13:00:00	6,19	-3,10	2,23	2,69	1433,52
648	20.08.2022 14:00:00	6,40	-3,10	2,22	2,69	1434,41
649	20.08.2022 15:00:00	6,54	-3,16	2,20	2,69	1434,99
650	20.08.2022 16:00:00	6,72	-3,16	2,19	2,69	1435,72
651	20.08.2022 17:00:00	6,82	-3,10	2,18	2,69	1436,16
652	20.08.2022 18:00:00	6,82	-3,10	2,18	2,69	1436,16
653	20.08.2022 19:00:00	6,75	-3,10	2,19	2,69	1435,87
654	20.08.2022 20:00:00	6,47	-3,16	2,20	2,69	1434,70
655	20.08.2022 21:00:00	6,19	-3,16	2,23	2,69	1433,52
656	20.08.2022 22:00:00	6,01	-3,23	2,24	2,69	1432,77
657	20.08.2022 23:00:00	5,80	-3,29	2,26	2,70	1431,88
658	21.08.2022 00:00:00	5,62	-3,29	2,27	2,70	1431,12
659	21.08.2022 01:00:00	5,01	-3,29	2,33	2,71	1428,51
660	21.08.2022 02:00:00	4,72	-3,29	2,35	2,71	1427,25
661	21.08.2022 03:00:00	4,83	-3,29	2,33	2,71	1427,72
662	21.08.2022 04:00:00	4,69	-3,23	2,34	2,71	1427,09
663	21.08.2022 05:00:00	3,58	-3,23	2,44	2,72	1422,23
664	21.08.2022 06:00:00	4,36	-3,16	2,38	2,72	1425,67
665	21.08.2022 07:00:00	3,91	-3,23	2,41	2,72	1423,71
666	21.08.2022 08:00:00	3,35	-3,16	2,45	2,71	1421,22
667	21.08.2022 09:00:00	3,13	-3,10	2,47	2,72	1420,22
668	21.08.2022 10:00:00	3,43	-3,10	2,45	2,72	1421,57
669	21.08.2022 11:00:00	3,50	-3,16	2,44	2,72	1421,90
670	21.08.2022 12:00:00	4,28	-3,16	2,39	2,72	1425,35
671	21.08.2022 13:00:00	4,69	-3,16	2,35	2,71	1427,09
672	21.08.2022 14:00:00	4,90	-3,23	2,33	2,71	1428,04
673	21.08.2022 15:00:00	5,01	-3,16	2,33	2,71	1428,51
674	21.08.2022 16:00:00	5,55	-3,23	2,28	2,71	1430,82
675	21.08.2022 17:00:00	5,55	-3,16	2,28	2,70	1430,82
676	21.08.2022 18:00:00	5,55	-3,10	2,28	2,70	1430,82
677	21.08.2022 19:00:00	5,37	-3,23	2,29	2,70	1430,05
678	21.08.2022 20:00:00	5,08	-3,23	2,31	2,70	1428,81
679	21.08.2022 21:00:00	4,65	-3,16	2,35	2,71	1426,93
680	21.08.2022 22:00:00	4,03	-3,16	2,39	2,71	1424,20
681	21.08.2022 23:00:00	3,73	-3,23	2,42	2,72	1422,89
682	22.08.2022 00:00:00	3,13	-3,16	2,47	2,72	1420,21
683	22.08.2022 01:00:00	2,29	-3,16	2,54	2,73	1416,42
684	22.08.2022 02:00:00	1,67	-3,16	2,59	2,73	1413,56
685	22.08.2022 03:00:00	1,75	-3,16	2,59	2,73	1413,93
686	22.08.2022 04:00:00	1,47	-3,16	2,61	2,73	1412,66
687	22.08.2022 05:00:00	1,47	-3,16	2,62	2,73	1412,66
688	22.08.2022 06:00:00	1,75	-3,16	2,59	2,73	1413,93
689	22.08.2022 07:00:00	2,06	-3,23	2,56	2,73	1415,36
690	22.08.2022 08:00:00	2,14	-3,16	2,56	2,73	1415,72
691	22.08.2022 09:00:00	2,37	-3,23	2,54	2,73	1416,77
692	22.08.2022 10:00:00	2,67	-3,23	2,51	2,73	1418,17
693	22.08.2022 11:00:00	2,94	-3,16	2,49	2,72	1419,37
694	22.08.2022 12:00:00	3,35	-3,23	2,46	2,72	1421,23
695	22.08.2022 13:00:00	3,62	-3,23	2,43	2,72	1422,40
696	22.08.2022 14:00:00	3,80	-3,23	2,42	2,72	1423,22
697	22.08.2022 15:00:00	3,88	-3,23	2,41	2,72	1423,55
698	22.08.2022 16:00:00	3,80	-3,23	2,42	2,72	1423,22
699	22.08.2022 17:00:00	3,84	-3,23	2,41	2,72	1423,39
700	22.08.2022 18:00:00	3,73	-3,23	2,42	2,72	1422,89
701	22.08.2022 19:00:00	3,54	-3,29	2,44	2,72	1422,06
702	22.08.2022 20:00:00	3,54	-3,36	2,44	2,72	1422,06
703	22.08.2022 21:00:00	3,43	-3,42	2,45	2,72	1421,56
704	22.08.2022 22:00:00	3,32	-3,55	2,46	2,72	1421,05
705	22.08.2022 23:00:00	3,05	-3,61	2,48	2,72	1419,87
706	23.08.2022 00:00:00	2,94	-3,61	2,49	2,72	1419,36
707	23.08.2022 01:00:00	2,75	-3,61	2,50	2,72	1418,50
708	23.08.2022 02:00:00	2,67	-3,55	2,51	2,72	1418,16
709	23.08.2022 03:00:00	2,52	-3,55	2,52	2,73	1417,47
710	23.08.2022 04:00:00	2,14	-3,55	2,55	2,73	1415,71
711	23.08.2022 05:00:00	2,18	-3,55	2,55	2,73	1415,89
712	23.08.2022 06:00:00	2,18	-3,55	2,55	2,73	1415,89
713	23.08.2022 07:00:00	2,25	-3,49	2,55	2,73	1416,24
714	23.08.2022 08:00:00	2,44	-3,55	2,53	2,73	1417,12
715	23.08.2022 09:00:00	2,71	-3,61	2,51	2,72	1418,33
716	23.08.2022 10:00:00	5,84	-3,61	2,29	2,73	1432,06
717	23.08.2022 11:00:00	6,26	-3,61	2,22	2,69	1433,81
718	23.08.2022 12:00:00	4,65	-3,55	2,33	2,69	1426,90
719	23.08.2022 13:00:00	5,41	-3,61	2,29	2,70	1430,20
720	23.08.2022 14:00:00	6,75	-3,55	2,20	2,70	1435,88
721	23.08.2022 15:00:00	6,89	-3,68	2,18	2,68	1436,43
722	23.08.2022 16:00:00	7,07	-3,61	2,17	2,68	1437,15
723	23.08.2022 17:00:00	6,65	-3,55	2,20	2,69	1435,42
724	23.08.2022 18:00:00	6,47	-3,49	2,21	2,69	1434,69
725	23.08.2022 19:00:00	6,61	-3,49	2,20	2,69	1435,28
726	23.08.2022 20:00:00	6,75	-3,36	2,19	2,69	1435,86
727	23.08.2022 21:00:00	6,86	-3,29	2,18	2,68	1436,30
728	23.08.2022 22:00:00	7,00	-3,36	2,17	2,69	1436,87
729	23.08.2022 23:00:00	7,10	-3,23	2,16	2,68	1437,30
730	24.08.2022 00:00:00	7,24	-3,29	2,15	2,68	1437,87
731	24.08.2022 01:00:00	7,31	-3,29	2,15	2,68	1438,15
732	24.08.2022 02:00:00	7,41	-3,23	2,14	2,68	1438,58
733	24.08.2022 03:00:00	7,58	-3,42	2,13	2,68	1439,27
734	24.08.2022 04:00:00	7,65	-3,29	2,12	2,68	1439,56
735	24.08.2022 05:00:00	7,62	-3,29	2,12	2,68	1439,42
736	24.08.2022 06:00:00	7,75	-3,42	2,12	2,68	1439,97
737	24.08.2022 07:00:00	7,86	-3,36	2,11	2,67	1440,39
738	24.08.2022 08:00:00	7,92	-3,23	2,10	2,67	1440,67
739	24.08.2022 09:00:00	8,13	-3,23	2,09	2,67	1441,49
740	24.08.2022 10:00:00	8,33	-3,16	2,08	2,67	1442,31
741	24.08.2022 11:00:00	13,29	-3,49	1,75	2,58	1461,10
742	24.08.2022 12:00:00	16,18	-3,49	1,64	2,59	1471,15
743	24.08.2022 13:00:00	19,56	-3,36	1,42	2,45	1481,92
744	24.08.2022 14:00:00	19,44	-3,49	1,42	2,45	1481,55
